#       1571
#     file:    SofQ/NOM_9999_diamond_SQ.dat
#     created: Mon Jul 25 14:47:11 2016
#     Comment: neutron, Qmax=31.414, Qdamp=0.017659, Qbroad= 0.0191822
#     
       0.000000      -0.548579       0.000000
       0.020000      -0.548579       0.000000
       0.040000      -0.548579       0.000000
       0.060000      -0.548579       0.000000
       0.080000      -0.548579       0.000000
       0.100000      -0.548578       0.000000
       0.120000      -0.548578       0.000000
       0.140000      -0.548577       0.000000
       0.160000      -0.548577       0.021040
       0.180000      -0.548576       0.008063
       0.200000      -0.548576       0.007019
       0.220000      -0.548575       0.004734
       0.240000      -0.548574       0.003358
       0.260000      -0.548573       0.002533
       0.280000      -0.548573       0.002024
       0.300000      -0.548572       0.001707
       0.320000      -0.548571       0.001485
       0.340000      -0.548570       0.001328
       0.360000      -0.548568       0.001224
       0.380000      -0.548567       0.001167
       0.400000      -0.548566       0.001142
       0.420000      -0.548565       0.001135
       0.440000      -0.548563       0.001145
       0.460000      -0.548562       0.001160
       0.480000      -0.548560       0.001166
       0.500000      -0.548559       0.001163
       0.520000      -0.505843       0.001143
       0.540000      -0.519459       0.001114
       0.560000      -0.535847       0.001081
       0.580000      -0.549928       0.001049
       0.600000      -0.556285       0.001021
       0.620000      -0.564878       0.000995
       0.640000      -0.568856       0.000971
       0.660000      -0.574247       0.000948
       0.680000      -0.580888       0.000929
       0.700000      -0.585522       0.000916
       0.720000      -0.589027       0.000910
       0.740000      -0.593198       0.000909
       0.760000      -0.599364       0.000915
       0.780000      -0.601402       0.000927
       0.800000      -0.604911       0.000942
       0.820000      -0.608603       0.000958
       0.840000      -0.610142       0.000975
       0.860000      -0.613589       0.000991
       0.880000      -0.615428       0.001009
       0.900000      -0.615482       0.001028
       0.920000      -0.616917       0.001048
       0.940000      -0.615163       0.001072
       0.960000      -0.611545       0.001095
       0.980000      -0.610386       0.001117
       1.000000      -0.609391       0.001135
       1.020000      -0.608641       0.001141
       1.040000      -0.608403       0.001133
       1.060000      -0.611628       0.001115
       1.080000      -0.613277       0.001086
       1.100000      -0.617073       0.001052
       1.120000      -0.619397       0.001019
       1.140000      -0.621309       0.000990
       1.160000      -0.624105       0.000963
       1.180000      -0.626529       0.000936
       1.200000      -0.626630       0.000912
       1.220000      -0.630323       0.000888
       1.240000      -0.634594       0.000864
       1.260000      -0.638782       0.000844
       1.280000      -0.641916       0.000826
       1.300000      -0.644325       0.000810
       1.320000      -0.646176       0.000795
       1.340000      -0.647910       0.000780
       1.360000      -0.651015       0.000766
       1.380000      -0.652417       0.000754
       1.400000      -0.654228       0.000743
       1.420000      -0.656563       0.000732
       1.440000      -0.657103       0.000723
       1.460000      -0.658099       0.000716
       1.480000      -0.659411       0.000710
       1.500000      -0.659168       0.000707
       1.520000      -0.658001       0.000706
       1.540000      -0.657794       0.000707
       1.560000      -0.657491       0.000710
       1.580000      -0.655344       0.000716
       1.600000      -0.651475       0.000724
       1.620000      -0.648579       0.000732
       1.640000      -0.647454       0.000739
       1.660000      -0.645890       0.000746
       1.680000      -0.644152       0.000753
       1.700000      -0.643869       0.000757
       1.720000      -0.644568       0.000759
       1.740000      -0.645428       0.000760
       1.760000      -0.646533       0.000760
       1.780000      -0.648386       0.000761
       1.800000      -0.650046       0.000762
       1.820000      -0.650479       0.000763
       1.840000      -0.651385       0.000765
       1.860000      -0.650628       0.000768
       1.880000      -0.650134       0.000771
       1.900000      -0.649392       0.000774
       1.920000      -0.648435       0.000776
       1.940000      -0.647616       0.000779
       1.960000      -0.647200       0.000781
       1.980000      -0.646430       0.000782
       2.000000      -0.645855       0.000783
       2.020000      -0.647466       0.000782
       2.040000      -0.647050       0.000779
       2.060000      -0.647482       0.000776
       2.080000      -0.648942       0.000771
       2.100000      -0.650286       0.000764
       2.120000      -0.653090       0.000754
       2.140000      -0.655469       0.000743
       2.160000      -0.656177       0.000734
       2.180000      -0.657169       0.000724
       2.200000      -0.658514       0.000714
       2.220000      -0.659272       0.000704
       2.240000      -0.657960       0.000698
       2.260000      -0.655813       0.000692
       2.280000      -0.660220       0.000681
       2.300000      -0.661111       0.000672
       2.320000      -0.659677       0.000665
       2.340000      -0.662698       0.000655
       2.360000      -0.665074       0.000646
       2.380000      -0.663398       0.000640
       2.400000      -0.667029       0.000631
       2.420000      -0.667273       0.000625
       2.440000      -0.666690       0.000619
       2.460000      -0.669005       0.000612
       2.480000      -0.669513       0.000606
       2.500000      -0.670046       0.000600
       2.520000      -0.670147       0.000594
       2.540000      -0.667728       0.000591
       2.560000      -0.669278       0.000585
       2.580000      -0.666690       0.000583
       2.600000      -0.667682       0.000577
       2.620000      -0.665820       0.000573
       2.640000      -0.664847       0.000569
       2.660000      -0.664490       0.000566
       2.680000      -0.661763       0.000563
       2.700000      -0.660241       0.000560
       2.720000      -0.654504       0.000560
       2.740000      -0.650535       0.000558
       2.760000      -0.642744       0.000558
       2.780000      -0.634936       0.000558
       2.800000      -0.622204       0.000560
       2.820000      -0.606163       0.000564
       2.840000      -0.582403       0.000570
       2.860000      -0.544370       0.000582
       2.880000      -0.489586       0.000601
       2.900000      -0.396118       0.000633
       2.920000      -0.237904       0.000687
       2.940000       0.057415       0.000774
       2.960000       0.622045       0.000913
       2.980000       1.781224       0.001147
       3.000000       4.244698       0.001533
       3.020000       9.047667       0.002089
       3.040000      15.092018       0.002625
       3.060000      15.073792       0.002624
       3.080000       8.156903       0.001997
       3.100000       2.878700       0.001332
       3.120000       0.744497       0.000937
       3.140000      -0.017159       0.000747
       3.160000      -0.325046       0.000655
       3.180000      -0.473305       0.000607
       3.200000      -0.551566       0.000581
       3.220000      -0.592013       0.000567
       3.240000      -0.611745       0.000562
       3.260000      -0.624187       0.000556
       3.280000      -0.630113       0.000552
       3.300000      -0.635480       0.000549
       3.320000      -0.640944       0.000544
       3.340000      -0.645538       0.000540
       3.360000      -0.647734       0.000537
       3.380000      -0.650404       0.000535
       3.400000      -0.652747       0.000532
       3.420000      -0.655095       0.000529
       3.440000      -0.657501       0.000525
       3.460000      -0.659569       0.000522
       3.480000      -0.662193       0.000519
       3.500000      -0.664438       0.000516
       3.520000      -0.665778       0.000514
       3.540000      -0.667448       0.000511
       3.560000      -0.671129       0.000508
       3.580000      -0.674892       0.000504
       3.600000      -0.676966       0.000500
       3.620000      -0.680969       0.000496
       3.640000      -0.682390       0.000493
       3.660000      -0.683704       0.000491
       3.680000      -0.685638       0.000488
       3.700000      -0.689008       0.000485
       3.720000      -0.689966       0.000482
       3.740000      -0.691982       0.000479
       3.760000      -0.693465       0.000476
       3.780000      -0.693837       0.000474
       3.800000      -0.693889       0.000472
       3.820000      -0.694334       0.000469
       3.840000      -0.694937       0.000467
       3.860000      -0.696506       0.000464
       3.880000      -0.697898       0.000461
       3.900000      -0.699289       0.000459
       3.920000      -0.699597       0.000456
       3.940000      -0.700854       0.000454
       3.960000      -0.702340       0.000451
       3.980000      -0.703079       0.000449
       4.000000      -0.704587       0.000447
       4.020000      -0.705049       0.000445
       4.040000      -0.705167       0.000445
       4.060000      -0.705838       0.000444
       4.080000      -0.705955       0.000445
       4.100000      -0.707367       0.000444
       4.120000      -0.707772       0.000443
       4.140000      -0.708934       0.000442
       4.160000      -0.708430       0.000440
       4.180000      -0.707986       0.000435
       4.200000      -0.710526       0.000428
       4.220000      -0.711920       0.000420
       4.240000      -0.710522       0.000410
       4.260000      -0.711924       0.000399
       4.280000      -0.713031       0.000387
       4.300000      -0.711092       0.000379
       4.320000      -0.709088       0.000375
       4.340000      -0.713269       0.000369
       4.360000      -0.715023       0.000367
       4.380000      -0.715582       0.000368
       4.400000      -0.714081       0.000369
       4.420000      -0.712279       0.000370
       4.440000      -0.711573       0.000370
       4.460000      -0.710638       0.000370
       4.480000      -0.708682       0.000371
       4.500000      -0.708020       0.000372
       4.520000      -0.705772       0.000374
       4.540000      -0.703659       0.000375
       4.560000      -0.701426       0.000377
       4.580000      -0.699255       0.000378
       4.600000      -0.696005       0.000379
       4.620000      -0.690652       0.000381
       4.640000      -0.683889       0.000385
       4.660000      -0.675232       0.000388
       4.680000      -0.665071       0.000393
       4.700000      -0.653933       0.000396
       4.720000      -0.640128       0.000401
       4.740000      -0.621660       0.000407
       4.760000      -0.596810       0.000415
       4.780000      -0.563249       0.000426
       4.800000      -0.514017       0.000441
       4.820000      -0.443040       0.000461
       4.840000      -0.334426       0.000491
       4.860000      -0.158538       0.000534
       4.880000       0.141510       0.000601
       4.900000       0.682730       0.000706
       4.920000       1.754539       0.000878
       4.940000       4.171326       0.001178
       4.960000      10.851602       0.001760
       4.980000      29.447920       0.002808
       5.000000      12.241942       0.001870
       5.020000       2.933436       0.001050
       5.040000       0.888394       0.000759
       5.060000       0.128185       0.000619
       5.080000      -0.231754       0.000543
       5.100000      -0.417526       0.000494
       5.120000      -0.521062       0.000463
       5.140000      -0.582104       0.000445
       5.160000      -0.619851       0.000435
       5.180000      -0.642306       0.000430
       5.200000      -0.654790       0.000427
       5.220000      -0.661998       0.000426
       5.240000      -0.665442       0.000426
       5.260000      -0.667363       0.000427
       5.280000      -0.665917       0.000428
       5.300000      -0.666385       0.000429
       5.320000      -0.665076       0.000431
       5.340000      -0.662731       0.000433
       5.360000      -0.660836       0.000435
       5.380000      -0.659406       0.000437
       5.400000      -0.656275       0.000439
       5.420000      -0.653426       0.000441
       5.440000      -0.650444       0.000444
       5.460000      -0.647466       0.000446
       5.480000      -0.643775       0.000449
       5.500000      -0.639252       0.000452
       5.520000      -0.633956       0.000455
       5.540000      -0.627535       0.000458
       5.560000      -0.618513       0.000463
       5.580000      -0.606854       0.000468
       5.600000      -0.590130       0.000475
       5.620000      -0.570526       0.000484
       5.640000      -0.543153       0.000494
       5.660000      -0.504303       0.000509
       5.680000      -0.446636       0.000529
       5.700000      -0.358148       0.000557
       5.720000      -0.219510       0.000599
       5.740000       0.008463       0.000661
       5.760000       0.401093       0.000756
       5.780000       1.158386       0.000912
       5.800000       2.833113       0.001187
       5.820000       7.346382       0.001722
       5.840000      18.942337       0.002644
       5.860000       8.427782       0.001840
       5.880000       2.040291       0.001083
       5.900000       0.552824       0.000810
       5.920000       0.003170       0.000681
       5.940000      -0.270847       0.000608
       5.960000      -0.420448       0.000564
       5.980000      -0.507872       0.000537
       6.000000      -0.558961       0.000521
       6.020000      -0.590677       0.000511
       6.040000      -0.611188       0.000506
       6.060000      -0.625841       0.000503
       6.080000      -0.634867       0.000501
       6.100000      -0.640489       0.000501
       6.120000      -0.644811       0.000501
       6.140000      -0.646763       0.000502
       6.160000      -0.648321       0.000503
       6.180000      -0.649667       0.000504
       6.200000      -0.650474       0.000505
       6.220000      -0.653437       0.000506
       6.240000      -0.655152       0.000507
       6.260000      -0.656047       0.000507
       6.280000      -0.657522       0.000508
       6.300000      -0.660694       0.000508
       6.320000      -0.663612       0.000509
       6.340000      -0.665568       0.000509
       6.360000      -0.667139       0.000510
       6.380000      -0.670947       0.000510
       6.400000      -0.673821       0.000510
       6.420000      -0.675301       0.000511
       6.440000      -0.678096       0.000511
       6.460000      -0.677965       0.000512
       6.480000      -0.679872       0.000514
       6.500000      -0.681052       0.000515
       6.520000      -0.681491       0.000516
       6.540000      -0.683084       0.000519
       6.560000      -0.682919       0.000522
       6.580000      -0.681535       0.000522
       6.600000      -0.680527       0.000522
       6.620000      -0.678408       0.000525
       6.640000      -0.674819       0.000528
       6.660000      -0.673205       0.000531
       6.680000      -0.670676       0.000533
       6.700000      -0.666528       0.000537
       6.720000      -0.663317       0.000540
       6.740000      -0.659356       0.000543
       6.760000      -0.653149       0.000548
       6.780000      -0.646932       0.000553
       6.800000      -0.639117       0.000558
       6.820000      -0.630254       0.000564
       6.840000      -0.617656       0.000571
       6.860000      -0.601302       0.000580
       6.880000      -0.578332       0.000591
       6.900000      -0.546467       0.000605
       6.920000      -0.500289       0.000625
       6.940000      -0.430755       0.000654
       6.960000      -0.317499       0.000697
       6.980000      -0.104785       0.000772
       7.000000       0.347784       0.000909
       7.020000       1.530763       0.001195
       7.040000       4.941688       0.001780
       7.060000       3.207159       0.001516
       7.080000       0.493287       0.000958
       7.100000      -0.128541       0.000776
       7.120000      -0.352391       0.000699
       7.140000      -0.469134       0.000656
       7.160000      -0.537034       0.000631
       7.180000      -0.578851       0.000615
       7.200000      -0.604821       0.000606
       7.220000      -0.620478       0.000599
       7.240000      -0.631024       0.000595
       7.260000      -0.637115       0.000594
       7.280000      -0.641445       0.000593
       7.300000      -0.644449       0.000594
       7.320000      -0.642800       0.000595
       7.340000      -0.641138       0.000598
       7.360000      -0.638312       0.000600
       7.380000      -0.633795       0.000604
       7.400000      -0.628972       0.000608
       7.420000      -0.620606       0.000613
       7.440000      -0.609596       0.000619
       7.460000      -0.593588       0.000628
       7.480000      -0.571749       0.000640
       7.500000      -0.539768       0.000655
       7.520000      -0.495205       0.000676
       7.540000      -0.434333       0.000704
       7.560000      -0.345527       0.000741
       7.580000      -0.204623       0.000796
       7.600000       0.034221       0.000880
       7.620000       0.494219       0.001024
       7.640000       1.510152       0.001284
       7.660000       4.398510       0.001835
       7.680000       8.899672       0.002461
       7.700000       3.145799       0.001628
       7.720000       0.774996       0.001113
       7.740000       0.077169       0.000909
       7.760000      -0.220483       0.000808
       7.780000      -0.381344       0.000746
       7.800000      -0.480260       0.000704
       7.820000      -0.540569       0.000678
       7.840000      -0.580921       0.000661
       7.860000      -0.606005       0.000650
       7.880000      -0.624365       0.000643
       7.900000      -0.635714       0.000639
       7.920000      -0.644318       0.000637
       7.940000      -0.650287       0.000636
       7.960000      -0.653522       0.000636
       7.980000      -0.657823       0.000636
       8.000000      -0.658909       0.000636
       8.020000      -0.660939       0.000636
       8.040000      -0.662402       0.000637
       8.059999      -0.662372       0.000638
       8.080000      -0.661741       0.000640
       8.099999      -0.661032       0.000642
       8.120000      -0.660227       0.000643
       8.139999      -0.660486       0.000644
       8.160000      -0.658038       0.000646
       8.179999      -0.657018       0.000647
       8.200000      -0.654842       0.000650
       8.220000      -0.651014       0.000653
       8.240000      -0.647363       0.000656
       8.260000      -0.642259       0.000659
       8.280000      -0.637672       0.000663
       8.300000      -0.630033       0.000667
       8.320000      -0.621098       0.000672
       8.340000      -0.608532       0.000679
       8.360000      -0.593567       0.000689
       8.380000      -0.573572       0.000701
       8.400000      -0.548624       0.000713
       8.420000      -0.514318       0.000731
       8.440000      -0.467944       0.000754
       8.460000      -0.404450       0.000783
       8.480000      -0.318910       0.000822
       8.500000      -0.195459       0.000875
       8.520000      -0.012678       0.000947
       8.540000       0.279353       0.001053
       8.559999       0.785841       0.001213
       8.580000       1.767451       0.001474
       8.599999       4.005004       0.001943
       8.620000       9.958987       0.002836
       8.639999      10.237113       0.002876
       8.660000       3.144255       0.001787
       8.679999       1.138561       0.001324
       8.700000       0.369419       0.001096
       8.720000       0.001016       0.000968
       8.740000      -0.211739       0.000886
       8.760000      -0.345758       0.000830
       8.780000      -0.430348       0.000794
       8.800000      -0.487260       0.000769
       8.820000      -0.522696       0.000753
       8.840000      -0.546355       0.000741
       8.860000      -0.559132       0.000735
       8.880000      -0.564866       0.000733
       8.900000      -0.564204       0.000735
       8.920000      -0.557216       0.000740
       8.940000      -0.544107       0.000748
       8.960000      -0.522934       0.000760
       8.980000      -0.488721       0.000778
       9.000000      -0.441957       0.000801
       9.020000      -0.375615       0.000834
       9.040000      -0.274306       0.000881
       9.059999      -0.115563       0.000950
       9.080000       0.160132       0.001058
       9.099999       0.671258       0.001232
       9.120000       1.769660       0.001541
       9.139999       4.601774       0.002143
       9.160000       6.011562       0.002390
       9.179999       1.937185       0.001591
       9.200000       0.544502       0.001200
       9.220000       0.014957       0.001013
       9.240000      -0.231025       0.000912
       9.260000      -0.371044       0.000850
       9.280000      -0.459826       0.000809
       9.300000      -0.518472       0.000780
       9.320000      -0.555112       0.000763
       9.340000      -0.582046       0.000751
       9.360000      -0.598953       0.000743
       9.380000      -0.610276       0.000739
       9.400000      -0.620536       0.000735
       9.420000      -0.627372       0.000732
       9.440000      -0.632266       0.000729
       9.460000      -0.636357       0.000728
       9.480000      -0.638766       0.000728
       9.500000      -0.641106       0.000728
       9.520000      -0.640574       0.000730
       9.540000      -0.640871       0.000730
       9.559999      -0.641682       0.000730
       9.580000      -0.640712       0.000731
       9.599999      -0.639587       0.000733
       9.620000      -0.636122       0.000737
       9.639999      -0.632911       0.000739
       9.660000      -0.630105       0.000742
       9.679999      -0.625840       0.000746
       9.700000      -0.618642       0.000749
       9.719999      -0.611773       0.000754
       9.740000      -0.600868       0.000761
       9.760000      -0.586046       0.000769
       9.780000      -0.564925       0.000782
       9.800000      -0.537177       0.000799
       9.820000      -0.499709       0.000820
       9.840000      -0.445046       0.000850
       9.860000      -0.362886       0.000892
       9.880000      -0.232141       0.000955
       9.900000      -0.005261       0.001055
       9.920000       0.425931       0.001222
       9.940000       1.394831       0.001531
       9.960000       3.269864       0.001998
       9.980000       2.202966       0.001751
      10.000000       0.497462       0.001253
      10.020000      -0.040052       0.001049
      10.040000      -0.271330       0.000948
      10.059999      -0.385598       0.000894
      10.080000      -0.453565       0.000861
      10.099999      -0.495141       0.000840
      10.120000      -0.519753       0.000826
      10.139999      -0.533658       0.000819
      10.160000      -0.535933       0.000818
      10.179999      -0.529965       0.000821
      10.200000      -0.516504       0.000830
      10.219999      -0.491025       0.000847
      10.240000      -0.454174       0.000868
      10.260000      -0.404837       0.000895
      10.280000      -0.334300       0.000932
      10.300000      -0.231762       0.000983
      10.320000      -0.074481       0.001054
      10.340000       0.183085       0.001162
      10.360000       0.631953       0.001330
      10.380000       1.503004       0.001607
      10.400000       3.453062       0.002099
      10.420000       6.290566       0.002658
      10.440000       3.645388       0.002148
      10.460000       1.204786       0.001528
      10.480000       0.365985       0.001246
      10.500000      -0.015912       0.001093
      10.520000      -0.221108       0.001002
      10.540000      -0.345152       0.000941
      10.559999      -0.430026       0.000898
      10.580000      -0.486623       0.000868
      10.599999      -0.525344       0.000847
      10.620000      -0.552352       0.000832
      10.639999      -0.569120       0.000824
      10.660000      -0.580514       0.000820
      10.679999      -0.589358       0.000816
      10.700000      -0.595418       0.000815
      10.719999      -0.598746       0.000814
      10.740000      -0.602106       0.000812
      10.760000      -0.602466       0.000814
      10.780000      -0.601638       0.000815
      10.800000      -0.598462       0.000818
      10.820000      -0.593696       0.000822
      10.840000      -0.587252       0.000827
      10.860000      -0.579259       0.000833
      10.880000      -0.566880       0.000841
      10.900000      -0.551999       0.000851
      10.920000      -0.531123       0.000864
      10.940000      -0.506218       0.000880
      10.960000      -0.471041       0.000900
      10.980000      -0.422385       0.000927
      11.000000      -0.359603       0.000962
      11.020000      -0.265104       0.001012
      11.040000      -0.120815       0.001082
      11.059999       0.110495       0.001187
      11.080000       0.505249       0.001346
      11.099999       1.255102       0.001607
      11.120000       2.853960       0.002053
      11.139999       4.860105       0.002504
      11.160000       2.854146       0.002057
      11.179999       0.959849       0.001516
      11.200000       0.258252       0.001258
      11.219999      -0.067189       0.001118
      11.240000      -0.238437       0.001038
      11.259999      -0.342130       0.000986
      11.280000      -0.409637       0.000951
      11.300000      -0.453420       0.000928
      11.320000      -0.481693       0.000912
      11.340000      -0.497994       0.000903
      11.360000      -0.505819       0.000898
      11.380000      -0.501784       0.000900
      11.400000      -0.488018       0.000909
      11.420000      -0.458812       0.000927
      11.440000      -0.409155       0.000958
      11.460000      -0.329961       0.001003
      11.480000      -0.197653       0.001074
      11.500000       0.047074       0.001189
      11.520000       0.533050       0.001390
      11.540000       1.472404       0.001713
      11.559999       1.577134       0.001747
      11.580000       0.416553       0.001349
      11.599999      -0.092719       0.001131
      11.620000      -0.309012       0.001025
      11.639999      -0.418343       0.000966
      11.660000      -0.482094       0.000931
      11.679999      -0.523365       0.000907
      11.700000      -0.551828       0.000891
      11.719999      -0.570278       0.000881
      11.740000      -0.584809       0.000874
      11.759999      -0.594644       0.000868
      11.780000      -0.601370       0.000864
      11.800000      -0.607189       0.000862
      11.820000      -0.609902       0.000860
      11.840000      -0.611687       0.000859
      11.860000      -0.613747       0.000860
      11.880000      -0.612284       0.000861
      11.900000      -0.612776       0.000861
      11.920000      -0.611355       0.000862
      11.940000      -0.609873       0.000864
      11.960000      -0.605980       0.000868
      11.980000      -0.600012       0.000873
      12.000000      -0.591109       0.000880
      12.020000      -0.582344       0.000888
      12.040000      -0.568233       0.000898
      12.059999      -0.551609       0.000908
      12.080000      -0.526841       0.000923
      12.099999      -0.491686       0.000944
      12.120000      -0.432239       0.000979
      12.139999      -0.333462       0.001035
      12.160000      -0.152015       0.001131
      12.179999       0.209949       0.001303
      12.200000       0.706789       0.001508
      12.219999       0.406372       0.001391
      12.240000      -0.122163       0.001155
      12.259999      -0.332692       0.001045
      12.280000      -0.423852       0.000994
      12.300000      -0.469867       0.000968
      12.320000      -0.488216       0.000959
      12.340000      -0.497669       0.000953
      12.360000      -0.495724       0.000956
      12.380000      -0.485343       0.000963
      12.400000      -0.465594       0.000974
      12.420000      -0.435234       0.000994
      12.440000      -0.387023       0.001022
      12.460000      -0.314794       0.001064
      12.480000      -0.201990       0.001125
      12.500000      -0.019211       0.001218
      12.520000       0.287097       0.001359
      12.540000       0.853164       0.001588
      12.559999       1.947715       0.001955
      12.580000       2.982539       0.002249
      12.599999       1.762734       0.001902
      12.620000       0.561358       0.001481
      12.639999       0.064028       0.001266
      12.660000      -0.177208       0.001148
      12.679999      -0.307995       0.001079
      12.700000      -0.388491       0.001035
      12.719999      -0.439567       0.001006
      12.740000      -0.473763       0.000985
      12.759999      -0.497963       0.000970
      12.780000      -0.514515       0.000961
      12.799999      -0.523679       0.000955
      12.820000      -0.529749       0.000952
      12.840000      -0.529551       0.000953
      12.860000      -0.522317       0.000958
      12.880000      -0.515846       0.000965
      12.900000      -0.503066       0.000975
      12.920000      -0.487475       0.000986
      12.940000      -0.466159       0.001000
      12.960000      -0.440180       0.001016
      12.980000      -0.401928       0.001040
      13.000000      -0.354198       0.001069
      13.020000      -0.288562       0.001108
      13.040000      -0.196757       0.001159
      13.059999      -0.066773       0.001227
      13.080000       0.129293       0.001324
      13.099999       0.438727       0.001461
      13.120000       0.950392       0.001665
      13.139999       1.863445       0.001979
      13.160000       3.572509       0.002462
      13.179999       5.449195       0.002903
      13.200000       3.934060       0.002558
      13.219999       1.742511       0.001950
      13.240000       0.762256       0.001604
      13.259999       0.299324       0.001412
      13.280000       0.057128       0.001301
      13.299999      -0.079988       0.001234
      13.320000      -0.160715       0.001192
      13.340000      -0.201713       0.001171
      13.360000      -0.213892       0.001165
      13.380000      -0.198390       0.001174
      13.400000      -0.149473       0.001201
      13.420000      -0.054618       0.001251
      13.440000       0.106244       0.001331
      13.460000       0.376666       0.001456
      13.480000       0.860658       0.001656
      13.500000       1.757249       0.001975
      13.520000       3.166955       0.002393
      13.540000       3.224339       0.002412
      13.559999       1.545300       0.001913
      13.580000       0.570569       0.001550
      13.599999       0.124050       0.001351
      13.620000      -0.114901       0.001232
      13.639999      -0.249516       0.001158
      13.660000      -0.333280       0.001111
      13.679999      -0.394664       0.001075
      13.700000      -0.435478       0.001053
      13.719999      -0.466184       0.001034
      13.740000      -0.490513       0.001019
      13.759999      -0.507961       0.001008
      13.780000      -0.522047       0.000997
      13.799999      -0.532370       0.000991
      13.820000      -0.540207       0.000987
      13.840000      -0.544611       0.000986
      13.860000      -0.544397       0.000987
      13.880000      -0.547015       0.000987
      13.900000      -0.544495       0.000989
      13.920000      -0.540515       0.000993
      13.940000      -0.535417       0.000997
      13.960000      -0.524678       0.001005
      13.980000      -0.507617       0.001017
      14.000000      -0.482953       0.001034
      14.020000      -0.439730       0.001063
      14.040000      -0.369160       0.001108
      14.059999      -0.243060       0.001183
      14.080000      -0.049235       0.001289
      14.099999      -0.014461       0.001309
      14.120000      -0.236138       0.001189
      14.139999      -0.384069       0.001103
      14.160000      -0.452478       0.001061
      14.179999      -0.484144       0.001041
      14.200000      -0.498217       0.001032
      14.219999      -0.502601       0.001030
      14.240000      -0.501048       0.001032
      14.259999      -0.493691       0.001039
      14.280000      -0.478608       0.001051
      14.299999      -0.452978       0.001068
      14.320000      -0.412481       0.001094
      14.340000      -0.347111       0.001134
      14.360000      -0.236372       0.001200
      14.380000      -0.047381       0.001305
      14.400000       0.283904       0.001473
      14.420000       0.524624       0.001584
      14.440000       0.200406       0.001437
      14.460000      -0.155522       0.001254
      14.480000      -0.324036       0.001155
      14.500000      -0.406948       0.001105
      14.520000      -0.455338       0.001073
      14.540000      -0.481201       0.001057
      14.559999      -0.497154       0.001047
      14.580000      -0.506118       0.001042
      14.599999      -0.509776       0.001041
      14.620000      -0.513589       0.001039
      14.639999      -0.510939       0.001042
      14.660000      -0.508350       0.001043
      14.679999      -0.500659       0.001048
      14.700000      -0.491469       0.001055
      14.719999      -0.476154       0.001066
      14.740000      -0.456699       0.001081
      14.759999      -0.429291       0.001100
      14.780000      -0.393316       0.001125
      14.799999      -0.344093       0.001157
      14.820000      -0.275335       0.001200
      14.839999      -0.176109       0.001259
      14.860000      -0.022492       0.001345
      14.880000       0.219373       0.001471
      14.900000       0.628062       0.001661
      14.920000       1.333178       0.001947
      14.940000       2.198148       0.002248
      14.960000       1.986211       0.002180
      14.980000       0.935081       0.001795
      15.000000       0.301678       0.001518
      15.020000       0.010572       0.001372
      15.040000      -0.140797       0.001290
      15.059999      -0.220367       0.001244
      15.080000      -0.260751       0.001222
      15.099999      -0.271563       0.001215
      15.120000      -0.261467       0.001223
      15.139999      -0.219389       0.001249
      15.160000      -0.143757       0.001295
      15.179999      -0.010738       0.001372
      15.200000       0.214619       0.001490
      15.219999       0.615295       0.001678
      15.240000       1.233901       0.001933
      15.259999       1.489313       0.002030
      15.280000       0.833646       0.001773
      15.299999       0.216087       0.001493
      15.320000      -0.082464       0.001338
      15.339999      -0.231461       0.001253
      15.360000      -0.318801       0.001200
      15.380000      -0.374368       0.001165
      15.400000      -0.408839       0.001144
      15.420000      -0.432521       0.001130
      15.440000      -0.449704       0.001118
      15.460000      -0.458926       0.001113
      15.480000      -0.464297       0.001110
      15.500000      -0.467508       0.001109
      15.520000      -0.467031       0.001111
      15.540000      -0.459497       0.001116
      15.559999      -0.450146       0.001124
      15.580000      -0.433372       0.001137
      15.599999      -0.413217       0.001152
      15.620000      -0.377060       0.001178
      15.639999      -0.325033       0.001212
      15.660000      -0.250278       0.001259
      15.679999      -0.136822       0.001327
      15.700000       0.048468       0.001433
      15.719999       0.363062       0.001596
      15.740000       0.826853       0.001811
      15.759999       1.035300       0.001900
      15.780000       0.579339       0.001704
      15.799999       0.119027       0.001478
      15.820000      -0.105970       0.001353
      15.839999      -0.208398       0.001293
      15.860000      -0.258757       0.001263
      15.880000      -0.271752       0.001256
      15.900000      -0.262032       0.001264
      15.920000      -0.226346       0.001288
      15.940000      -0.159774       0.001329
      15.960000      -0.049038       0.001395
      15.980000       0.130111       0.001496
      16.000000       0.436892       0.001653
      16.020000       0.946471       0.001885
      16.039999       1.552357       0.002128
      16.059999       1.471030       0.002098
      16.080000       0.721022       0.001790
      16.100000       0.184552       0.001533
      16.119999      -0.070749       0.001393
      16.139999      -0.208014       0.001311
      16.160000      -0.292887       0.001259
      16.180000      -0.344796       0.001226
      16.199999      -0.378780       0.001204
      16.219999      -0.402860       0.001189
      16.240000      -0.416308       0.001181
      16.260000      -0.428264       0.001174
      16.279999      -0.435517       0.001169
      16.299999      -0.435791       0.001170
      16.320000      -0.430702       0.001173
      16.340000      -0.423393       0.001178
      16.359999      -0.407944       0.001190
      16.379999      -0.383638       0.001207
      16.400000      -0.348914       0.001232
      16.420000      -0.297683       0.001268
      16.440001      -0.213755       0.001323
      16.459999      -0.085472       0.001402
      16.480000       0.119622       0.001521
      16.500000       0.453313       0.001693
      16.520000       0.773031       0.001845
      16.539999       0.630078       0.001780
      16.559999       0.198853       0.001567
      16.580000      -0.078368       0.001413
      16.600000      -0.206993       0.001335
      16.619999      -0.270214       0.001296
      16.639999      -0.296761       0.001279
      16.660000      -0.303082       0.001277
      16.680000      -0.285640       0.001289
      16.699999      -0.248621       0.001315
      16.719999      -0.183881       0.001359
      16.740000      -0.070478       0.001429
      16.760000       0.115739       0.001537
      16.779999       0.413205       0.001693
      16.799999       0.684119       0.001825
      16.820000       0.538339       0.001756
      16.840000       0.142744       0.001553
      16.859999      -0.121131       0.001403
      16.879999      -0.247333       0.001326
      16.900000      -0.318003       0.001280
      16.920000      -0.363664       0.001250
      16.940001      -0.390068       0.001231
      16.959999      -0.406885       0.001221
      16.980000      -0.419169       0.001214
      17.000000      -0.422732       0.001213
      17.020000      -0.423577       0.001213
      17.039999      -0.420064       0.001217
      17.059999      -0.415021       0.001222
      17.080000      -0.403027       0.001231
      17.100000      -0.385284       0.001244
      17.119999      -0.362430       0.001262
      17.139999      -0.325480       0.001288
      17.160000      -0.271235       0.001326
      17.180000      -0.190846       0.001379
      17.199999      -0.065821       0.001459
      17.219999       0.137087       0.001578
      17.240000       0.422816       0.001733
      17.260000       0.614428       0.001829
      17.279999       0.418729       0.001733
      17.299999       0.089388       0.001555
      17.320000      -0.102598       0.001441
      17.340000      -0.184286       0.001390
      17.359999      -0.222481       0.001368
      17.379999      -0.227059       0.001365
      17.400000      -0.205774       0.001380
      17.420000      -0.158496       0.001412
      17.440001      -0.072529       0.001469
      17.459999       0.065515       0.001553
      17.480000       0.289976       0.001680
      17.500000       0.638949       0.001861
      17.520000       1.000377       0.002030
      17.539999       0.936630       0.002002
      17.559999       0.470114       0.001779
      17.580000       0.097184       0.001577
      17.600000      -0.086112       0.001469
      17.619999      -0.182999       0.001410
      17.639999      -0.241009       0.001374
      17.660000      -0.273433       0.001353
      17.680000      -0.293828       0.001341
      17.699999      -0.299059       0.001339
      17.719999      -0.297508       0.001341
      17.740000      -0.289024       0.001347
      17.760000      -0.269453       0.001361
      17.779999      -0.241579       0.001381
      17.799999      -0.201740       0.001409
      17.820000      -0.139838       0.001448
      17.840000      -0.055071       0.001502
      17.859999       0.070367       0.001578
      17.879999       0.255908       0.001685
      17.900000       0.538073       0.001837
      17.920000       0.979022       0.002052
      17.940001       1.631483       0.002335
      17.959999       2.218264       0.002564
      17.980000       1.994200       0.002483
      18.000000       1.170852       0.002150
      18.020000       0.556437       0.001861
      18.039999       0.259204       0.001704
      18.059999       0.100876       0.001615
      18.080000       0.018249       0.001566
      18.100000      -0.012841       0.001548
      18.119999      -0.002691       0.001556
      18.139999       0.051622       0.001590
      18.160000       0.162425       0.001656
      18.180000       0.359589       0.001768
      18.199999       0.650202       0.001921
      18.219999       0.865031       0.002027
      18.240000       0.688179       0.001944
      18.260000       0.290303       0.001736
      18.279999       0.009207       0.001573
      18.299999      -0.136023       0.001482
      18.320000      -0.219974       0.001427
      18.340000      -0.276035       0.001388
      18.359999      -0.313457       0.001362
      18.379999      -0.339406       0.001345
      18.400000      -0.359831       0.001331
      18.420000      -0.373787       0.001322
      18.440001      -0.384294       0.001316
      18.459999      -0.394211       0.001310
      18.480000      -0.401413       0.001306
      18.500000      -0.406987       0.001303
      18.520000      -0.408543       0.001302
      18.539999      -0.413529       0.001298
      18.559999      -0.413689       0.001300
      18.580000      -0.415386       0.001301
      18.600000      -0.414631       0.001302
      18.619999      -0.410483       0.001306
      18.639999      -0.406635       0.001311
      18.660000      -0.402155       0.001315
      18.680000      -0.394784       0.001322
      18.699999      -0.385005       0.001330
      18.719999      -0.373250       0.001340
      18.740000      -0.356993       0.001353
      18.760000      -0.334073       0.001371
      18.779999      -0.300776       0.001396
      18.799999      -0.252951       0.001431
      18.820000      -0.182983       0.001482
      18.840000      -0.077535       0.001555
      18.859999       0.078907       0.001656
      18.879999       0.248006       0.001757
      18.900000       0.271924       0.001772
      18.920000       0.091637       0.001667
      18.939999      -0.105573       0.001541
      18.959999      -0.209467       0.001471
      18.980000      -0.262214       0.001436
      19.000000      -0.295782       0.001414
      19.020000      -0.311168       0.001403
      19.039999      -0.321633       0.001397
      19.059999      -0.322973       0.001396
      19.080000      -0.317106       0.001400
      19.100000      -0.307608       0.001407
      19.119999      -0.291611       0.001421
      19.139999      -0.264812       0.001442
      19.160000      -0.228162       0.001471
      19.180000      -0.178743       0.001508
      19.199999      -0.100800       0.001563
      19.219999       0.010214       0.001635
      19.240000       0.176612       0.001738
      19.260000       0.421525       0.001881
      19.279999       0.726945       0.002045
      19.299999       0.887444       0.002128
      19.320000       0.672912       0.002022
      19.340000       0.297726       0.001818
      19.359999       0.054200       0.001672
      19.379999      -0.062269       0.001598
      19.400000      -0.120354       0.001561
      19.420000      -0.148360       0.001541
      19.439999      -0.148819       0.001541
      19.459999      -0.119128       0.001562
      19.480000      -0.062852       0.001602
      19.500000       0.039710       0.001670
      19.520000       0.171937       0.001755
      19.539999       0.236860       0.001796
      19.559999       0.129380       0.001733
      19.580000      -0.057915       0.001615
      19.600000      -0.181972       0.001531
      19.619999      -0.246204       0.001486
      19.639999      -0.284062       0.001458
      19.660000      -0.310153       0.001438
      19.680000      -0.328245       0.001425
      19.699999      -0.338048       0.001418
      19.719999      -0.345276       0.001414
      19.740000      -0.344348       0.001416
      19.760000      -0.345291       0.001415
      19.779999      -0.341362       0.001420
      19.799999      -0.330580       0.001428
      19.820000      -0.314685       0.001444
      19.840000      -0.291327       0.001465
      19.859999      -0.260075       0.001491
      19.879999      -0.210325       0.001529
      19.900000      -0.145985       0.001574
      19.920000      -0.079154       0.001620
      19.939999      -0.060568       0.001631
      19.959999      -0.111658       0.001595
      19.980000      -0.164657       0.001559
      20.000000      -0.177683       0.001554
      20.020000      -0.158966       0.001570
      20.039999      -0.119771       0.001602
      20.059999      -0.056255       0.001648
      20.080000       0.044360       0.001716
      20.100000       0.193701       0.001811
      20.119999       0.418132       0.001946
      20.139999       0.708324       0.002109
      20.160000       0.924005       0.002225
      20.180000       0.821803       0.002173
      20.199999       0.454491       0.001973
      20.219999       0.147718       0.001789
      20.240000      -0.012006       0.001686
      20.260000      -0.102062       0.001625
      20.279999      -0.157232       0.001589
      20.299999      -0.193187       0.001566
      20.320000      -0.212404       0.001552
      20.340000      -0.223004       0.001543
      20.359999      -0.224414       0.001540
      20.379999      -0.216811       0.001546
      20.400000      -0.197121       0.001563
      20.420000      -0.162738       0.001591
      20.439999      -0.111386       0.001632
      20.459999      -0.034217       0.001689
      20.480000       0.075351       0.001764
      20.500000       0.236261       0.001865
      20.520000       0.445944       0.001991
      20.539999       0.612665       0.002087
      20.559999       0.563449       0.002063
      20.580000       0.315448       0.001920
      20.600000       0.094571       0.001782
      20.619999      -0.012108       0.001712
      20.639999      -0.057507       0.001682
      20.660000      -0.069184       0.001675
      20.680000      -0.054087       0.001686
      20.699999      -0.007754       0.001721
      20.719999       0.078497       0.001781
      20.740000       0.205086       0.001865
      20.760000       0.333269       0.001945
      20.779999       0.341889       0.001950
      20.799999       0.178946       0.001850
      20.820000      -0.012125       0.001725
      20.840000      -0.122426       0.001650
      20.859999      -0.179515       0.001609
      20.879999      -0.215381       0.001583
      20.900000      -0.240063       0.001566
      20.920000      -0.253739       0.001556
      20.939999      -0.256560       0.001553
      20.959999      -0.255729       0.001556
      20.980000      -0.252029       0.001562
      21.000000      -0.239071       0.001573
      21.020000      -0.220529       0.001588
      21.039999      -0.188644       0.001612
      21.059999      -0.145631       0.001645
      21.080000      -0.079685       0.001695
      21.100000       0.014506       0.001763
      21.119999       0.127325       0.001841
      21.139999       0.201551       0.001892
      21.160000       0.155762       0.001862
      21.180000       0.020123       0.001771
      21.199999      -0.086543       0.001697
      21.219999      -0.131015       0.001666
      21.240000      -0.145018       0.001656
      21.260000      -0.137061       0.001663
      21.279999      -0.112964       0.001682
      21.299999      -0.065326       0.001715
      21.320000       0.007392       0.001767
      21.340000       0.100592       0.001833
      21.359999       0.160008       0.001875
      21.379999       0.112624       0.001848
      21.400000      -0.010756       0.001765
      21.420000      -0.107515       0.001696
      21.439999      -0.159550       0.001657
      21.459999      -0.182587       0.001640
      21.480000      -0.197501       0.001629
      21.500000      -0.196233       0.001632
      21.520000      -0.188465       0.001641
      21.539999      -0.175997       0.001653
      21.559999      -0.152812       0.001671
      21.580000      -0.116691       0.001698
      21.600000      -0.068277       0.001734
      21.619999       0.004236       0.001786
      21.639999       0.104977       0.001857
      21.660000       0.245219       0.001953
      21.680000       0.441697       0.002080
      21.699999       0.674048       0.002217
      21.719999       0.819152       0.002300
      21.740000       0.721900       0.002246
      21.760000       0.439785       0.002082
      21.779999       0.216452       0.001942
      21.799999       0.115679       0.001876
      21.820000       0.075757       0.001850
      21.840000       0.071926       0.001848
      21.859999       0.099268       0.001866
      21.879999       0.168394       0.001913
      21.900000       0.277428       0.001987
      21.920000       0.400637       0.002068
      21.939999       0.438844       0.002094
      21.959999       0.312480       0.002019
      21.980000       0.111086       0.001888
      22.000000      -0.024077       0.001794
      22.020000      -0.095958       0.001742
      22.039999      -0.144993       0.001706
      22.059999      -0.175740       0.001684
      22.080000      -0.193341       0.001671
      22.100000      -0.205135       0.001663
      22.119999      -0.211365       0.001659
      22.139999      -0.209627       0.001661
      22.160000      -0.204438       0.001665
      22.180000      -0.191415       0.001676
      22.199999      -0.170065       0.001696
      22.219999      -0.134833       0.001724
      22.240000      -0.084607       0.001763
      22.260000      -0.025596       0.001809
      22.279999       0.023753       0.001844
      22.299999       0.011827       0.001836
      22.320000      -0.061630       0.001784
      22.340000      -0.136836       0.001729
      22.359999      -0.175025       0.001702
      22.379999      -0.192155       0.001691
      22.400000      -0.199108       0.001687
      22.420000      -0.195015       0.001691
      22.439999      -0.184437       0.001700
      22.459999      -0.160588       0.001720
      22.480000      -0.130468       0.001744
      22.500000      -0.124429       0.001750
      22.519999      -0.152834       0.001730
      22.539999      -0.191218       0.001700
      22.559999      -0.216231       0.001681
      22.580000      -0.224746       0.001675
      22.600000      -0.229484       0.001674
      22.619999      -0.228017       0.001676
      22.639999      -0.222766       0.001681
      22.660000      -0.214972       0.001688
      22.680000      -0.198988       0.001701
      22.699999      -0.178424       0.001719
      22.719999      -0.145980       0.001745
      22.740000      -0.102579       0.001780
      22.760000      -0.040818       0.001829
      22.779999       0.041577       0.001890
      22.799999       0.147264       0.001966
      22.820000       0.269786       0.002049
      22.840000       0.332074       0.002094
      22.859999       0.263714       0.002051
      22.879999       0.128243       0.001961
      22.900000       0.043923       0.001902
      22.920000       0.018773       0.001883
      22.939999       0.026650       0.001889
      22.959999       0.063979       0.001916
      22.980000       0.130478       0.001965
      23.000000       0.237625       0.002041
      23.019999       0.359472       0.002126
      23.039999       0.426160       0.002171
      23.059999       0.356630       0.002128
      23.080000       0.172524       0.002004
      23.100000       0.021698       0.001898
      23.119999      -0.060570       0.001837
      23.139999      -0.105097       0.001804
      23.160000      -0.135473       0.001783
      23.180000      -0.157357       0.001766
      23.199999      -0.170003       0.001756
      23.219999      -0.177570       0.001750
      23.240000      -0.175042       0.001751
      23.260000      -0.167519       0.001759
      23.279999      -0.152522       0.001772
      23.299999      -0.126702       0.001794
      23.320000      -0.091034       0.001826
      23.340000      -0.038805       0.001868
      23.359999       0.018082       0.001915
      23.379999       0.039936       0.001934
      23.400000       0.015691       0.001917
      23.420000      -0.033969       0.001880
      23.439999      -0.057138       0.001863
      23.459999      -0.049260       0.001867
      23.480000      -0.021918       0.001889
      23.500000       0.028369       0.001928
      23.519999       0.110185       0.001990
      23.539999       0.211730       0.002063
      23.559999       0.316195       0.002137
      23.580000       0.337917       0.002155
      23.600000       0.240595       0.002090
      23.619999       0.079969       0.001977
      23.639999      -0.023476       0.001900
      23.660000      -0.078064       0.001859
      23.680000      -0.108691       0.001836
      23.699999      -0.130500       0.001820
      23.719999      -0.141112       0.001809
      23.740000      -0.144395       0.001806
      23.760000      -0.139457       0.001811
      23.779999      -0.123774       0.001827
      23.799999      -0.095219       0.001852
      23.820000      -0.055449       0.001886
      23.840000      -0.001421       0.001931
      23.859999       0.072438       0.001987
      23.879999       0.155495       0.002048
      23.900000       0.206088       0.002085
      23.920000       0.169476       0.002061
      23.939999       0.058007       0.001982
      23.959999      -0.032342       0.001914
      23.980000      -0.077024       0.001883
      24.000000      -0.092472       0.001869
      24.019999      -0.094797       0.001868
      24.039999      -0.083498       0.001877
      24.059999      -0.058554       0.001898
      24.080000      -0.029527       0.001923
      24.100000      -0.020561       0.001933
      24.119999      -0.060648       0.001904
      24.139999      -0.119121       0.001856
      24.160000      -0.167220       0.001816
      24.180000      -0.188665       0.001799
      24.199999      -0.205621       0.001786
      24.219999      -0.214361       0.001782
      24.240000      -0.219874       0.001779
      24.260000      -0.223941       0.001780
      24.279999      -0.221241       0.001780
      24.299999      -0.223011       0.001780
      24.320000      -0.218054       0.001783
      24.340000      -0.210861       0.001788
      24.359999      -0.200018       0.001798
      24.379999      -0.182835       0.001818
      24.400000      -0.161929       0.001837
      24.420000      -0.150528       0.001850
      24.439999      -0.150561       0.001852
      24.459999      -0.152582       0.001851
      24.480000      -0.144379       0.001856
      24.500000      -0.129182       0.001870
      24.519999      -0.097685       0.001898
      24.539999      -0.053717       0.001935
      24.559999       0.012961       0.001990
      24.580000       0.087619       0.002049
      24.600000       0.139946       0.002089
      24.619999       0.129200       0.002081
      24.639999       0.044599       0.002015
      24.660000      -0.042376       0.001949
      24.680000      -0.087173       0.001915
      24.699999      -0.105334       0.001903
      24.719999      -0.110022       0.001900
      24.740000      -0.108800       0.001905
      24.760000      -0.095934       0.001919
      24.779999      -0.076466       0.001937
      24.799999      -0.046009       0.001963
      24.820000       0.004250       0.002004
      24.840000       0.067768       0.002055
      24.859999       0.149456       0.002119
      24.879999       0.253046       0.002196
      24.900000       0.371425       0.002278
      24.920000       0.437669       0.002323
      24.939999       0.378593       0.002282
      24.959999       0.228931       0.002180
      24.980000       0.115093       0.002097
      25.000000       0.063549       0.002061
      25.019999       0.050758       0.002055
      25.039999       0.063396       0.002064
      25.059999       0.089494       0.002082
      25.080000       0.134905       0.002117
      25.100000       0.172052       0.002143
      25.119999       0.149558       0.002130
      25.139999       0.063811       0.002066
      25.160000      -0.025799       0.001998
      25.180000      -0.076480       0.001958
      25.199999      -0.103376       0.001937
      25.219999      -0.120746       0.001926
      25.240000      -0.134145       0.001916
      25.260000      -0.136605       0.001915
      25.279999      -0.142300       0.001912
      25.299999      -0.137087       0.001913
      25.320000      -0.130052       0.001923
      25.340000      -0.114172       0.001939
      25.359999      -0.088819       0.001960
      25.379999      -0.055929       0.001991
      25.400000      -0.026402       0.002017
      25.420000      -0.014305       0.002027
      25.439999      -0.037057       0.002008
      25.459999      -0.071154       0.001980
      25.480000      -0.083042       0.001969
      25.500000      -0.081383       0.001970
      25.519999      -0.067435       0.001987
      25.539999      -0.036310       0.002016
      25.559999       0.003055       0.002051
      25.580000       0.041317       0.002083
      25.599998       0.057143       0.002096
      25.619999       0.024340       0.002070
      25.639999      -0.026754       0.002029
      25.660000      -0.065794       0.001999
      25.680000      -0.081059       0.001989
      25.699999      -0.080915       0.001991
      25.719999      -0.075140       0.001996
      25.740000      -0.063185       0.002006
      25.760000      -0.037426       0.002028
      25.779999      -0.008946       0.002053
      25.799999       0.035763       0.002091
      25.820000       0.091979       0.002139
      25.840000       0.173038       0.002205
      25.859999       0.272181       0.002282
      25.879999       0.382898       0.002365
      25.900000       0.434075       0.002405
      25.920000       0.374719       0.002363
      25.939999       0.239863       0.002264
      25.959999       0.134665       0.002184
      25.980000       0.091023       0.002152
      26.000000       0.082627       0.002146
      26.019999       0.090224       0.002153
      26.039999       0.119488       0.002179
      26.059999       0.152567       0.002208
      26.080000       0.161521       0.002216
      26.099998       0.117443       0.002182
      26.119999       0.041716       0.002121
      26.139999      -0.014914       0.002075
      26.160000      -0.045831       0.002049
      26.180000      -0.060205       0.002040
      26.199999      -0.067951       0.002036
      26.219999      -0.071237       0.002035
      26.240000      -0.067402       0.002038
      26.260000      -0.056647       0.002047
      26.279999      -0.036646       0.002065
      26.299999      -0.008016       0.002090
      26.320000       0.028433       0.002123
      26.340000       0.075099       0.002167
      26.359999       0.123624       0.002209
      26.379999       0.139755       0.002224
      26.400000       0.107080       0.002198
      26.420000       0.056357       0.002157
      26.439999       0.026428       0.002135
      26.459999       0.027168       0.002137
      26.480000       0.047637       0.002157
      26.500000       0.082392       0.002186
      26.519999       0.120808       0.002218
      26.539999       0.153254       0.002241
      26.559999       0.144071       0.002232
      26.580000       0.081990       0.002183
      26.599998       0.003830       0.002121
      26.619999      -0.046871       0.002084
      26.639999      -0.070212       0.002068
      26.660000      -0.088997       0.002054
      26.680000      -0.101367       0.002041
      26.699999      -0.112259       0.002034
      26.719999      -0.117035       0.002029
      26.740000      -0.113882       0.002032
      26.760000      -0.107502       0.002039
      26.779999      -0.096976       0.002052
      26.799999      -0.080642       0.002068
      26.820000      -0.061282       0.002084
      26.840000      -0.053647       0.002091
      26.859999      -0.063943       0.002084
      26.879999      -0.086125       0.002065
      26.900000      -0.105671       0.002053
      26.920000      -0.109464       0.002050
      26.939999      -0.110619       0.002051
      26.959999      -0.105480       0.002059
      26.980000      -0.092156       0.002068
      27.000000      -0.081244       0.002079
      27.019999      -0.080913       0.002081
      27.039999      -0.098715       0.002065
      27.059999      -0.124541       0.002044
      27.080000      -0.150227       0.002023
      27.099998      -0.162426       0.002012
      27.119999      -0.170583       0.002006
      27.139999      -0.177989       0.002000
      27.160000      -0.178240       0.002005
      27.180000      -0.179548       0.002008
      27.199999      -0.180214       0.002009
      27.219999      -0.177450       0.002013
      27.240000      -0.175373       0.002014
      27.260000      -0.171397       0.002016
      27.279999      -0.170153       0.002019
      27.299999      -0.160926       0.002027
      27.320000      -0.151148       0.002036
      27.340000      -0.138772       0.002051
      27.359999      -0.119624       0.002069
      27.379999      -0.098678       0.002092
      27.400000      -0.071072       0.002116
      27.420000      -0.038990       0.002148
      27.439999       0.003358       0.002185
      27.459999       0.036867       0.002215
      27.480000       0.042963       0.002221
      27.500000       0.010546       0.002197
      27.519999      -0.031395       0.002161
      27.539999      -0.058060       0.002139
      27.559999      -0.066792       0.002135
      27.580000      -0.066214       0.002139
      27.599998      -0.057253       0.002147
      27.619999      -0.042716       0.002161
      27.639999      -0.022525       0.002181
      27.660000       0.013396       0.002213
      27.680000       0.056868       0.002252
      27.699999       0.112718       0.002299
      27.719999       0.181934       0.002356
      27.740000       0.241987       0.002403
      27.760000       0.259150       0.002419
      27.779999       0.218171       0.002388
      27.799999       0.147915       0.002333
      27.820000       0.106188       0.002301
      27.840000       0.100362       0.002301
      27.859999       0.117697       0.002318
      27.879999       0.151888       0.002346
      27.900000       0.185156       0.002375
      27.920000       0.194151       0.002386
      27.939999       0.161541       0.002359
      27.959999       0.084465       0.002295
      27.980000       0.012737       0.002233
      28.000000      -0.031956       0.002193
      28.019999      -0.058122       0.002169
      28.039999      -0.073810       0.002159
      28.059999      -0.087972       0.002149
      28.080000      -0.096881       0.002145
      28.099998      -0.103815       0.002141
      28.119999      -0.102227       0.002144
      28.139999      -0.103550       0.002142
      28.160000      -0.103626       0.002144
      28.180000      -0.099286       0.002149
      28.199999      -0.091533       0.002156
      28.219999      -0.087558       0.002163
      28.240000      -0.087814       0.002163
      28.260000      -0.080718       0.002170
      28.279999      -0.062619       0.002183
      28.299999      -0.045983       0.002199
      28.320000      -0.019640       0.002225
      28.340000       0.009986       0.002256
      28.359999       0.028481       0.002277
      28.379999       0.024331       0.002277
      28.400000      -0.003863       0.002255
      28.420000      -0.033140       0.002230
      28.439999      -0.045829       0.002219
      28.459999      -0.050228       0.002216
      28.480000      -0.047862       0.002219
      28.500000      -0.037180       0.002230
      28.519999      -0.019514       0.002247
      28.539999       0.000511       0.002266
      28.559999       0.031182       0.002295
      28.580000       0.071603       0.002332
      28.599998       0.121236       0.002375
      28.619999       0.164606       0.002415
      28.639999       0.178854       0.002431
      28.660000       0.144478       0.002405
      28.680000       0.081899       0.002354
      28.699999       0.030244       0.002308
      28.719999       0.001411       0.002284
      28.740000      -0.011207       0.002277
      28.760000      -0.014715       0.002274
      28.779999      -0.013913       0.002276
      28.799999      -0.017529       0.002275
      28.820000      -0.030891       0.002260
      28.840000      -0.054142       0.002239
      28.859999      -0.069693       0.002225
      28.879999      -0.075920       0.002222
      28.900000      -0.076148       0.002225
      28.920000      -0.073470       0.002233
      28.939999      -0.069828       0.002238
      28.959999      -0.060618       0.002247
      28.980000      -0.048066       0.002260
      29.000000      -0.028477       0.002278
      29.019999      -0.005822       0.002300
      29.039999       0.014459       0.002320
      29.059999       0.030738       0.002335
      29.080000       0.029723       0.002333
      29.099998       0.015348       0.002319
      29.119999       0.000725       0.002307
      29.139999      -0.006679       0.002304
      29.160000       0.003443       0.002314
      29.179998       0.020002       0.002330
      29.199999       0.038743       0.002351
      29.219999       0.053125       0.002365
      29.240000       0.045012       0.002360
      29.260000       0.014911       0.002334
      29.279999      -0.021064       0.002304
      29.299999      -0.042879       0.002286
      29.320000      -0.053959       0.002279
      29.340000      -0.062237       0.002272
      29.359999      -0.065408       0.002269
      29.379999      -0.061901       0.002272
      29.400000      -0.052276       0.002282
      29.420000      -0.042612       0.002291
      29.439999      -0.024867       0.002307
      29.459999      -0.005300       0.002329
      29.480000       0.013485       0.002353
      29.500000       0.017746       0.002362
      29.519999       0.006195       0.002353
      29.539999      -0.014706       0.002337
      29.559999      -0.033667       0.002320
      29.580000      -0.034896       0.002319
      29.599998      -0.030340       0.002323
      29.619999      -0.022378       0.002328
      29.639999      -0.017428       0.002334
      29.660000      -0.017863       0.002336
      29.679998      -0.035906       0.002320
      29.699999      -0.054966       0.002302
      29.719999      -0.068645       0.002290
      29.740000      -0.076238       0.002288
      29.760000      -0.078715       0.002287
      29.779999      -0.077332       0.002286
      29.799999      -0.076168       0.002290
      29.820000      -0.067154       0.002300
      29.840000      -0.053328       0.002318
      29.859999      -0.040324       0.002333
      29.879999      -0.017649       0.002356
      29.900000      -0.005655       0.002373
      29.920000      -0.002638       0.002377
      29.939999      -0.007467       0.002370
      29.959999      -0.015950       0.002360
      29.980000      -0.018889       0.002359
      30.000000      -0.008541       0.002370
      30.019999       0.003826       0.002384
      30.039999       0.020036       0.002401
      30.059999       0.032687       0.002415
      30.080000       0.031390       0.002414
      30.099998       0.015713       0.002397
      30.119999      -0.003409       0.002381
      30.139999      -0.007996       0.002378
      30.160000      -0.005165       0.002387
      30.179998       0.004679       0.002400
      30.199999       0.017812       0.002418
      30.219999       0.040022       0.002435
      30.240000       0.066776       0.002462
      30.260000       0.101034       0.002493
      30.279999       0.143210       0.002532
      30.299999       0.186872       0.002570
      30.320000       0.215847       0.002599
      30.340000       0.208917       0.002599
      30.359999       0.171785       0.002570
      30.379999       0.141546       0.002541
      30.400000       0.121323       0.002526
      30.420000       0.124289       0.002530
      30.439999       0.143631       0.002550
      30.459999       0.158247       0.002564
      30.480000       0.152331       0.002563
      30.500000       0.124652       0.002539
      30.519999       0.080973       0.002496
      30.539999       0.034384       0.002450
      30.559999       0.003457       0.002422
      30.580000      -0.010554       0.002410
      30.599998      -0.021446       0.002400
      30.619999      -0.027989       0.002400
      30.639999      -0.031229       0.002399
      30.660000      -0.026337       0.002407
      30.679998      -0.025486       0.002413
      30.699999      -0.015897       0.002425
      30.719999      -0.014588       0.002428
      30.740000      -0.011912       0.002433
      30.760000      -0.016998       0.002431
      30.779999      -0.026557       0.002419
      30.799999      -0.031564       0.002413
      30.820000      -0.028265       0.002417
      30.840000      -0.026424       0.002419
      30.859999      -0.023764       0.002424
      30.879999      -0.017885       0.002429
      30.900000      -0.021364       0.002427
      30.920000      -0.032277       0.002421
      30.939999      -0.042391       0.002415
      30.959999      -0.051309       0.002408
      30.980000      -0.051700       0.002407
      31.000000      -0.053170       0.002407
      31.019999      -0.052572       0.002409
      31.039999      -0.046613       0.002416
      31.059999      -0.034972       0.002428
      31.080000      -0.019920       0.002443
      31.099998      -0.009633       0.002459
      31.119999       0.006722       0.002476
      31.139999       0.018661       0.002486
      31.160000       0.013580       0.002482
      31.179998       0.005966       0.002477
      31.199999      -0.000384       0.002473
      31.219999       0.004977       0.002480
      31.240000       0.019228       0.002497
      31.260000       0.030800       0.002514
      31.279999       0.039121       0.002523
      31.299999       0.025162       0.002511
      31.320000       0.000848       0.002488
      31.340000      -0.024487       0.002461
      31.359999      -0.042262       0.002447
      31.379999      -0.052968       0.002438
      31.400000      -0.061331       0.002433
