#       1571
#     file:    SofQ/NOM_9999_AlPO4_SQ.dat
#     created: Mon Jul 25 14:47:27 2016
#     Comment: neutron, Qmax=31.414, Qdamp=0.017659, Qbroad= 0.0191822
#     
       0.000000      -0.505637       0.000000
       0.020000      -0.505637       0.000000
       0.040000      -0.505636       0.000000
       0.060000      -0.505636       0.000000
       0.080000      -0.505636       0.000000
       0.100000      -0.505636       0.000000
       0.120000      -0.505636       0.000000
       0.140000      -0.505635       0.000000
       0.160000      -0.505635       0.017064
       0.180000      -0.505634       0.006792
       0.200000      -0.505634       0.006383
       0.220000      -0.505633       0.004704
       0.240000      -0.505633       0.003583
       0.260000      -0.505632       0.002868
       0.280000      -0.505631       0.002419
       0.300000      -0.505630       0.002137
       0.320000      -0.505629       0.001935
       0.340000      -0.505629       0.001795
       0.360000      -0.505628       0.001707
       0.380000      -0.505626       0.001670
       0.400000      -0.505625       0.001671
       0.420000      -0.505624       0.001684
       0.440000      -0.505623       0.001726
       0.460000      -0.505622       0.001772
       0.480000      -0.505621       0.001802
       0.500000      -0.505619       0.001813
       0.520000      -0.505401       0.001800
       0.540000      -0.500484       0.001770
       0.560000      -0.501356       0.001733
       0.580000      -0.503457       0.001694
       0.600000      -0.503868       0.001653
       0.620000      -0.502293       0.001622
       0.640000      -0.505419       0.001583
       0.660000      -0.509576       0.001548
       0.680000      -0.509722       0.001522
       0.700000      -0.509050       0.001505
       0.720000      -0.514122       0.001494
       0.740000      -0.516986       0.001494
       0.760000      -0.518767       0.001507
       0.780000      -0.518393       0.001530
       0.800000      -0.517889       0.001558
       0.820000      -0.518711       0.001588
       0.840000      -0.514252       0.001619
       0.860000      -0.518059       0.001648
       0.880000      -0.516360       0.001681
       0.900000      -0.513103       0.001713
       0.920000      -0.515624       0.001747
       0.940000      -0.518279       0.001784
       0.960000      -0.509888       0.001824
       0.980000      -0.505329       0.001864
       1.000000      -0.504886       0.001893
       1.020000      -0.503148       0.001905
       1.040000      -0.496895       0.001897
       1.060000      -0.500656       0.001869
       1.080000      -0.499823       0.001824
       1.100000      -0.501339       0.001769
       1.120000      -0.504840       0.001714
       1.140000      -0.506502       0.001666
       1.160000      -0.509057       0.001621
       1.180000      -0.509074       0.001579
       1.200000      -0.510433       0.001537
       1.220000      -0.514759       0.001497
       1.240000      -0.515329       0.001461
       1.260000      -0.515721       0.001431
       1.280000      -0.515474       0.001404
       1.300000      -0.514460       0.001380
       1.320000      -0.511159       0.001358
       1.340000      -0.502768       0.001339
       1.360000      -0.486805       0.001327
       1.380000      -0.446109       0.001330
       1.400000      -0.327461       0.001378
       1.420000      -0.010277       0.001520
       1.440000       0.615411       0.001773
       1.460000       1.081461       0.001933
       1.480000       0.730702       0.001790
       1.500000       0.060433       0.001504
       1.520000      -0.225176       0.001367
       1.540000      -0.157447       0.001401
       1.560000       0.056459       0.001508
       1.580000       0.058939       0.001520
       1.600000      -0.189297       0.001412
       1.620000      -0.381434       0.001323
       1.640000      -0.452864       0.001295
       1.660000      -0.462719       0.001300
       1.680000      -0.410741       0.001341
       1.700000      -0.297626       0.001410
       1.720000      -0.222811       0.001456
       1.740000      -0.242993       0.001447
       1.760000      -0.216483       0.001464
       1.780000       0.029163       0.001594
       1.800000       0.731753       0.001914
       1.820000       2.285057       0.002481
       1.840000       4.654008       0.003162
       1.860000       6.096062       0.003520
       1.880000       4.499557       0.003143
       1.900000       1.846685       0.002367
       1.920000       0.429460       0.001817
       1.940000      -0.121078       0.001553
       1.960000      -0.364716       0.001420
       1.980000      -0.463151       0.001363
       2.000000      -0.491285       0.001347
       2.020000      -0.502603       0.001339
       2.040000      -0.508077       0.001332
       2.060000      -0.510654       0.001324
       2.080000      -0.511306       0.001317
       2.100000      -0.514164       0.001305
       2.120000      -0.517590       0.001287
       2.140000      -0.517698       0.001272
       2.160000      -0.514997       0.001258
       2.180000      -0.516199       0.001242
       2.200000      -0.513883       0.001227
       2.220000      -0.506832       0.001215
       2.240000      -0.496852       0.001209
       2.260000      -0.489283       0.001201
       2.280000      -0.500714       0.001180
       2.300000      -0.509852       0.001161
       2.320000      -0.508247       0.001147
       2.340000      -0.509666       0.001131
       2.360000      -0.507926       0.001119
       2.380000      -0.500201       0.001111
       2.400000      -0.493059       0.001102
       2.420000      -0.471656       0.001102
       2.440000      -0.427559       0.001114
       2.460000      -0.351651       0.001137
       2.480000      -0.189032       0.001198
       2.500000       0.129419       0.001314
       2.520000       0.633842       0.001482
       2.540000       1.045117       0.001600
       2.560000       0.537694       0.001426
       2.580000      -0.084365       0.001192
       2.600000      -0.286815       0.001099
       2.620000      -0.310710       0.001080
       2.640000      -0.264365       0.001092
       2.660000      -0.084906       0.001155
       2.680000       0.337548       0.001300
       2.700000       1.119608       0.001532
       2.720000       2.047556       0.001765
       2.740000       1.714668       0.001672
       2.760000       1.041344       0.001484
       2.780000       1.192315       0.001517
       2.800000       0.979497       0.001450
       2.820000       0.157263       0.001189
       2.840000      -0.289733       0.001020
       2.860000      -0.413248       0.000967
       2.880000      -0.443958       0.000952
       2.900000      -0.434219       0.000958
       2.920000      -0.406972       0.000975
       2.940000      -0.393176       0.000984
       2.960000      -0.424709       0.000963
       2.980000      -0.451489       0.000941
       3.000000      -0.457395       0.000935
       3.020000      -0.452093       0.000933
       3.040000      -0.429209       0.000942
       3.060000      -0.377099       0.000964
       3.080000      -0.287306       0.000999
       3.100000      -0.109671       0.001067
       3.120000       0.264979       0.001199
       3.140000       0.823712       0.001374
       3.160000       0.890224       0.001398
       3.180000       0.292706       0.001223
       3.200000      -0.158999       0.001069
       3.220000      -0.310482       0.001014
       3.240000      -0.384071       0.000988
       3.260000      -0.430369       0.000967
       3.280000      -0.446622       0.000958
       3.300000      -0.441172       0.000958
       3.320000      -0.412185       0.000965
       3.340000      -0.345857       0.000989
       3.360000      -0.199511       0.001043
       3.380000       0.095893       0.001146
       3.400000       0.722710       0.001339
       3.420000       1.493695       0.001542
       3.440000       1.150086       0.001447
       3.460000       0.240859       0.001175
       3.480000      -0.223080       0.001009
       3.500000      -0.384752       0.000943
       3.520000      -0.441338       0.000917
       3.540000      -0.459533       0.000906
       3.560000      -0.465707       0.000900
       3.580000      -0.461671       0.000898
       3.600000      -0.448458       0.000899
       3.620000      -0.422597       0.000904
       3.640000      -0.365373       0.000922
       3.660000      -0.243096       0.000964
       3.680000       0.015870       0.001049
       3.700000       0.642171       0.001233
       3.720000       1.874485       0.001532
       3.740000       2.011207       0.001555
       3.760000       0.751789       0.001247
       3.780000      -0.021030       0.001013
       3.800000      -0.241035       0.000934
       3.820000      -0.224713       0.000936
       3.840000      -0.144080       0.000958
       3.860000      -0.047362       0.000986
       3.880000       0.266519       0.001077
       3.900000       0.062444       0.001011
       3.920000      -0.109382       0.000952
       3.940000      -0.225308       0.000909
       3.960000      -0.303325       0.000879
       3.980000      -0.251818       0.000893
       4.000000      -0.073074       0.000948
       4.020000       0.413024       0.001088
       4.040000       1.704716       0.001397
       4.060000       1.718243       0.001399
       4.080000       0.257089       0.001044
       4.100000      -0.077248       0.000943
       4.120000      -0.248894       0.000885
       4.140000      -0.380694       0.000839
       4.160000      -0.411429       0.000823
       4.180000      -0.403409       0.000816
       4.200000      -0.369081       0.000818
       4.220000      -0.280134       0.000831
       4.240000      -0.014764       0.000891
       4.260000       0.262574       0.000940
       4.280000       0.953365       0.001072
       4.300000      -0.045817       0.000816
       4.320000      -0.333466       0.000725
       4.340000      -0.391425       0.000700
       4.360000      -0.389837       0.000698
       4.380000      -0.340946       0.000713
       4.400000      -0.180545       0.000760
       4.420000      -0.246443       0.000743
       4.440000      -0.194603       0.000757
       4.460000      -0.017179       0.000804
       4.480000       0.458863       0.000919
       4.500000       2.109475       0.001240
       4.520000       4.353204       0.001577
       4.540000       2.779194       0.001355
       4.560000       1.649856       0.001168
       4.580000       0.026563       0.000824
       4.600000      -0.260171       0.000747
       4.620000      -0.350685       0.000722
       4.640000      -0.386829       0.000713
       4.660000      -0.398785       0.000712
       4.680000      -0.394434       0.000715
       4.700000      -0.369871       0.000724
       4.720000      -0.266178       0.000756
       4.740000      -0.212574       0.000772
       4.760000      -0.150151       0.000791
       4.780000      -0.140200       0.000796
       4.800000       0.262144       0.000903
       4.820000       1.492739       0.001171
       4.840000       0.168268       0.000885
       4.860000      -0.263844       0.000768
       4.880000      -0.326508       0.000751
       4.900000      -0.316338       0.000757
       4.920000      -0.238838       0.000782
       4.940000      -0.000726       0.000852
       4.960000       0.955887       0.001085
       4.980000       0.322208       0.000942
       5.000000      -0.243462       0.000791
       5.020000      -0.310356       0.000774
       5.040000      -0.295934       0.000783
       5.060000      -0.198831       0.000819
       5.080000       0.144234       0.000926
       5.100000      -0.043637       0.000872
       5.120000      -0.077474       0.000860
       5.140000       0.038518       0.000894
       5.160000       0.493344       0.001017
       5.180000       2.207540       0.001382
       5.200000       2.625449       0.001461
       5.220000       1.133629       0.001176
       5.240000       1.691461       0.001295
       5.260000       1.492267       0.001259
       5.280000       1.237948       0.001209
       5.300000       1.426421       0.001253
       5.320000       0.104696       0.000939
       5.340000      -0.107437       0.000879
       5.360000      -0.017425       0.000909
       5.380000       0.072932       0.000938
       5.400000       0.409295       0.001033
       5.420000       0.974678       0.001176
       5.440000       0.145044       0.000967
       5.460000      -0.048151       0.000914
       5.480000      -0.285129       0.000842
       5.500000      -0.310793       0.000836
       5.520000      -0.284747       0.000847
       5.540000      -0.190382       0.000880
       5.560000       0.120415       0.000978
       5.580000       0.672163       0.001131
       5.600000       0.216604       0.001012
       5.620000      -0.245786       0.000874
       5.640000      -0.310441       0.000855
       5.660000      -0.313659       0.000857
       5.680000      -0.288504       0.000869
       5.700000      -0.228794       0.000893
       5.720000      -0.090610       0.000941
       5.740000       0.284210       0.001059
       5.760000       1.723233       0.001419
       5.780000       1.363538       0.001343
       5.800000      -0.009817       0.000981
       5.820000      -0.196800       0.000923
       5.840000      -0.211513       0.000922
       5.860000      -0.196734       0.000932
       5.880000      -0.085744       0.000973
       5.900000       0.230591       0.001074
       5.920000       1.089209       0.001311
       5.940000       0.741158       0.001225
       5.960000       0.535550       0.001174
       5.980000       0.979818       0.001297
       6.000000       0.641131       0.001211
       6.020000       0.766285       0.001249
       6.040000      -0.085725       0.000997
       6.060000      -0.261427       0.000939
       6.080000      -0.286411       0.000933
       6.100000      -0.228381       0.000959
       6.120000      -0.041691       0.001028
       6.140000       0.075597       0.001070
       6.160000      -0.228302       0.000968
       6.180000      -0.327445       0.000934
       6.200000      -0.333332       0.000934
       6.220000      -0.306913       0.000948
       6.240000      -0.227523       0.000980
       6.260000       0.035102       0.001076
       6.280000       0.546471       0.001241
       6.300000       0.053241       0.001088
       6.320000      -0.113054       0.001033
       6.340000      -0.203045       0.001003
       6.360000      -0.081165       0.001051
       6.380000       0.102304       0.001117
       6.400000       0.598729       0.001279
       6.420000       0.094833       0.001121
       6.440000       0.104870       0.001128
       6.460000       0.362448       0.001215
       6.480000       0.443272       0.001245
       6.500000       0.341434       0.001217
       6.520000      -0.128854       0.001058
       6.540000      -0.256789       0.001015
       6.560000      -0.330746       0.000992
       6.580000      -0.332543       0.000990
       6.600000      -0.288185       0.001008
       6.620000      -0.101890       0.001083
       6.640000      -0.075857       0.001096
       6.660000      -0.252856       0.001032
       6.680000      -0.316936       0.001009
       6.700000      -0.297072       0.001020
       6.720000      -0.201272       0.001062
       6.740000      -0.073459       0.001116
       6.760000      -0.005303       0.001146
       6.780000       0.070130       0.001178
       6.800000       0.585713       0.001358
       6.820000       0.719924       0.001405
       6.840000       0.480979       0.001334
       6.860000       0.337294       0.001290
       6.880000      -0.146842       0.001114
       6.900000      -0.187272       0.001100
       6.920000       0.006697       0.001180
       6.940000       0.037064       0.001194
       6.960000      -0.163502       0.001119
       6.980000      -0.191752       0.001111
       7.000000       0.009079       0.001194
       7.020000      -0.014899       0.001187
       7.040000      -0.060081       0.001173
       7.060000      -0.233671       0.001105
       7.080000      -0.294587       0.001082
       7.100000      -0.209065       0.001121
       7.120000      -0.252118       0.001105
       7.140000      -0.349894       0.001065
       7.160000      -0.365172       0.001062
       7.180000      -0.367689       0.001065
       7.200000      -0.361357       0.001071
       7.220000      -0.338818       0.001081
       7.240000      -0.298241       0.001101
       7.260000      -0.240458       0.001129
       7.280000      -0.265848       0.001121
       7.300000      -0.264341       0.001125
       7.320000      -0.214152       0.001148
       7.340000      -0.195674       0.001159
       7.360000      -0.254255       0.001136
       7.380000      -0.255132       0.001138
       7.400000      -0.176726       0.001176
       7.420000      -0.059077       0.001229
       7.440000       0.014790       0.001262
       7.460000       0.147382       0.001318
       7.480000       0.359306       0.001402
       7.500000       0.253265       0.001366
       7.520000       0.058584       0.001292
       7.540000       0.388046       0.001425
       7.560000       0.922589       0.001615
       7.580000       0.150332       0.001340
       7.600000       0.023577       0.001291
       7.620000       0.114455       0.001331
       7.640000       0.172666       0.001356
       7.660000       0.437141       0.001461
       7.680000       0.715762       0.001565
       7.700000       0.610997       0.001532
       7.720000       0.295881       0.001419
       7.740000       0.069169       0.001332
       7.760000       0.297189       0.001429
       7.780000       0.254559       0.001414
       7.800000       0.119448       0.001358
       7.820000       0.148480       0.001372
       7.840000       0.315429       0.001442
       7.860000       0.675217       0.001579
       7.880000       1.106524       0.001732
       7.900000       0.770727       0.001622
       7.920000       0.399221       0.001489
       7.940000      -0.025890       0.001319
       7.960000      -0.066258       0.001304
       7.980000      -0.142987       0.001274
       8.000000      -0.180884       0.001258
       8.020000      -0.161503       0.001270
       8.040000      -0.183817       0.001262
       8.059999      -0.149980       0.001281
       8.080000      -0.021735       0.001342
       8.099999       0.268063       0.001467
       8.120000       0.091326       0.001396
       8.139999       0.172323       0.001433
       8.160000       0.197295       0.001445
       8.179999       0.156621       0.001430
       8.200000       0.029370       0.001379
       8.220000       0.060170       0.001394
       8.240000       0.200608       0.001457
       8.260000       0.244618       0.001477
       8.280000      -0.044779       0.001353
       8.300000      -0.155487       0.001303
       8.320000      -0.183007       0.001291
       8.340000      -0.141930       0.001313
       8.360000      -0.067263       0.001351
       8.380000      -0.091195       0.001344
       8.400000      -0.051928       0.001363
       8.420000       0.071494       0.001422
       8.440000      -0.001916       0.001391
       8.460000      -0.045594       0.001373
       8.480000       0.129690       0.001455
       8.500000       0.185349       0.001482
       8.520000      -0.005709       0.001400
       8.540000       0.062311       0.001435
       8.559999       0.282839       0.001534
       8.580000       0.407049       0.001588
       8.599999       0.695763       0.001704
       8.620000       0.233905       0.001519
       8.639999       0.107904       0.001466
       8.660000       0.216215       0.001517
       8.679999       0.027479       0.001435
       8.700000      -0.088861       0.001382
       8.720000      -0.113645       0.001371
       8.740000      -0.061564       0.001399
       8.760000      -0.111354       0.001377
       8.780000      -0.140700       0.001366
       8.800000      -0.105730       0.001387
       8.820000       0.008328       0.001443
       8.840000       0.212846       0.001536
       8.860000       0.289367       0.001571
       8.880000       0.298269       0.001577
       8.900000       0.191020       0.001533
       8.920000       0.273515       0.001573
       8.940000       0.235391       0.001559
       8.960000       0.198338       0.001545
       8.980000       0.373104       0.001623
       9.000000       0.485062       0.001673
       9.020000       0.293180       0.001595
       9.040000       0.144812       0.001532
       9.059999       0.054086       0.001493
       9.080000       0.018485       0.001479
       9.099999       0.116535       0.001527
       9.120000       0.022933       0.001484
       9.139999       0.052695       0.001501
       9.160000       0.171118       0.001559
       9.179999       0.125909       0.001541
       9.200000       0.144315       0.001551
       9.220000       0.310683       0.001627
       9.240000       0.308950       0.001627
       9.260000       0.069671       0.001518
       9.280000       0.009876       0.001491
       9.300000       0.094220       0.001533
       9.320000       0.103254       0.001540
       9.340000       0.039443       0.001514
       9.360000       0.052828       0.001524
       9.380000       0.138925       0.001569
       9.400000       0.001358       0.001506
       9.420000       0.024538       0.001519
       9.440000       0.237629       0.001620
       9.460000       0.268312       0.001638
       9.480000       0.024148       0.001523
       9.500000       0.007205       0.001519
       9.520000       0.012856       0.001524
       9.540000       0.069306       0.001553
       9.559999       0.118396       0.001578
       9.580000       0.139249       0.001589
       9.599999       0.221801       0.001632
       9.620000       0.596334       0.001801
       9.639999       0.459797       0.001744
       9.660000       0.209664       0.001633
       9.679999       0.068797       0.001568
       9.700000      -0.038897       0.001513
       9.719999      -0.125528       0.001471
       9.740000      -0.147722       0.001460
       9.760000      -0.129177       0.001470
       9.780000      -0.072493       0.001502
       9.800000      -0.089894       0.001496
       9.820000      -0.104976       0.001492
       9.840000      -0.096875       0.001499
       9.860000      -0.080919       0.001509
       9.880000       0.007623       0.001558
       9.900000       0.101817       0.001608
       9.920000      -0.016472       0.001551
       9.940000      -0.013864       0.001554
       9.960000       0.059917       0.001593
       9.980000       0.119217       0.001626
      10.000000       0.048195       0.001592
      10.020000      -0.022590       0.001558
      10.040000      -0.035984       0.001554
      10.059999      -0.089966       0.001527
      10.080000      -0.110932       0.001519
      10.099999      -0.122707       0.001514
      10.120000      -0.136305       0.001506
      10.139999      -0.130794       0.001509
      10.160000      -0.068393       0.001543
      10.179999       0.046352       0.001603
      10.200000       0.014886       0.001590
      10.219999      -0.027313       0.001573
      10.240000      -0.035161       0.001572
      10.260000       0.014486       0.001601
      10.280000       0.071208       0.001634
      10.300000       0.007922       0.001604
      10.320000       0.029321       0.001616
      10.340000       0.026524       0.001616
      10.360000      -0.035717       0.001586
      10.380000       0.005107       0.001609
      10.400000      -0.002046       0.001608
      10.420000       0.068631       0.001648
      10.440000       0.038849       0.001635
      10.460000      -0.023189       0.001605
      10.480000      -0.006098       0.001617
      10.500000       0.015204       0.001629
      10.520000       0.034998       0.001641
      10.540000      -0.023817       0.001608
      10.559999      -0.067664       0.001585
      10.580000      -0.034960       0.001605
      10.599999       0.043579       0.001647
      10.620000       0.060392       0.001657
      10.639999       0.083612       0.001672
      10.660000       0.111107       0.001691
      10.679999       0.109845       0.001694
      10.700000       0.064107       0.001674
      10.719999       0.033686       0.001660
      10.740000       0.016872       0.001652
      10.760000      -0.037165       0.001626
      10.780000      -0.044293       0.001624
      10.800000      -0.012340       0.001643
      10.820000       0.111286       0.001711
      10.840000       0.202271       0.001761
      10.860000       0.063241       0.001691
      10.880000       0.062988       0.001693
      10.900000       0.070927       0.001700
      10.920000       0.072285       0.001703
      10.940000       0.021840       0.001678
      10.960000      -0.029698       0.001651
      10.980000      -0.033666       0.001650
      11.000000      -0.010469       0.001665
      11.020000       0.010505       0.001679
      11.040000       0.031818       0.001693
      11.059999       0.052292       0.001707
      11.080000       0.092718       0.001731
      11.099999       0.107887       0.001742
      11.120000       0.092355       0.001736
      11.139999       0.112005       0.001747
      11.160000       0.100834       0.001743
      11.179999       0.122572       0.001756
      11.200000       0.089140       0.001740
      11.219999       0.040612       0.001716
      11.240000       0.006493       0.001698
      11.259999       0.010317       0.001703
      11.280000      -0.016921       0.001690
      11.300000      -0.041929       0.001676
      11.320000      -0.058181       0.001668
      11.340000      -0.093627       0.001648
      11.360000      -0.098261       0.001644
      11.380000      -0.065572       0.001662
      11.400000      -0.063308       0.001666
      11.420000      -0.070591       0.001665
      11.440000      -0.051918       0.001682
      11.460000       0.001243       0.001716
      11.480000       0.019624       0.001732
      11.500000       0.060242       0.001755
      11.520000       0.107577       0.001781
      11.540000       0.073529       0.001763
      11.559999       0.066809       0.001761
      11.580000       0.127680       0.001798
      11.599999       0.171337       0.001826
      11.620000       0.099908       0.001790
      11.639999       0.008139       0.001740
      11.660000      -0.024913       0.001723
      11.679999      -0.042313       0.001713
      11.700000      -0.066039       0.001701
      11.719999      -0.083288       0.001694
      11.740000      -0.066127       0.001707
      11.759999      -0.030527       0.001729
      11.780000      -0.021898       0.001734
      11.800000      -0.034550       0.001730
      11.820000      -0.029915       0.001732
      11.840000      -0.020909       0.001739
      11.860000      -0.009877       0.001749
      11.880000      -0.015630       0.001746
      11.900000      -0.069092       0.001717
      11.920000      -0.077459       0.001712
      11.940000      -0.081628       0.001711
      11.960000      -0.076438       0.001717
      11.980000      -0.048781       0.001735
      12.000000      -0.015035       0.001758
      12.020000      -0.008126       0.001766
      12.040000       0.000078       0.001773
      12.059999       0.005916       0.001776
      12.080000      -0.014684       0.001763
      12.099999      -0.021209       0.001759
      12.120000       0.020300       0.001784
      12.139999       0.046345       0.001800
      12.160000       0.036586       0.001797
      12.179999       0.006307       0.001784
      12.200000       0.002064       0.001786
      12.219999      -0.022833       0.001773
      12.240000      -0.039905       0.001767
      12.259999      -0.043734       0.001765
      12.280000      -0.002431       0.001790
      12.300000       0.031830       0.001812
      12.320000       0.023222       0.001810
      12.340000       0.033769       0.001817
      12.360000       0.057148       0.001833
      12.380000       0.035033       0.001822
      12.400000      -0.015138       0.001791
      12.420000      -0.050884       0.001773
      12.440000      -0.059799       0.001768
      12.460000      -0.041668       0.001782
      12.480000      -0.002704       0.001806
      12.500000       0.013563       0.001818
      12.520000       0.027620       0.001828
      12.540000       0.036456       0.001836
      12.559999       0.005687       0.001818
      12.580000      -0.010817       0.001811
      12.599999       0.007038       0.001823
      12.620000       0.020168       0.001833
      12.639999       0.017525       0.001832
      12.660000       0.022114       0.001837
      12.679999       0.020392       0.001838
      12.700000       0.040197       0.001852
      12.719999       0.047923       0.001858
      12.740000       0.036311       0.001851
      12.759999       0.023734       0.001844
      12.780000       0.017823       0.001842
      12.799999       0.055787       0.001865
      12.820000       0.094594       0.001889
      12.840000       0.098206       0.001892
      12.860000       0.085218       0.001887
      12.880000       0.065058       0.001880
      12.900000       0.065106       0.001884
      12.920000       0.076694       0.001892
      12.940000       0.065360       0.001887
      12.960000       0.063210       0.001888
      12.980000       0.062240       0.001889
      13.000000       0.041912       0.001879
      13.020000       0.036893       0.001878
      13.040000       0.065309       0.001897
      13.059999       0.080574       0.001907
      13.080000       0.069523       0.001903
      13.099999       0.040712       0.001884
      13.120000       0.038144       0.001883
      13.139999       0.064590       0.001900
      13.160000       0.075121       0.001910
      13.179999       0.048905       0.001898
      13.200000       0.031278       0.001889
      13.219999       0.043879       0.001897
      13.240000       0.052825       0.001905
      13.259999       0.056164       0.001909
      13.280000       0.063054       0.001916
      13.299999       0.091472       0.001935
      13.320000       0.090085       0.001935
      13.340000       0.075096       0.001927
      13.360000       0.085854       0.001935
      13.380000       0.090925       0.001938
      13.400000       0.083206       0.001934
      13.420000       0.050358       0.001917
      13.440000       0.028222       0.001904
      13.460000       0.028561       0.001905
      13.480000       0.046014       0.001917
      13.500000       0.061227       0.001927
      13.520000       0.044937       0.001920
      13.540000       0.035113       0.001916
      13.559999       0.044688       0.001926
      13.580000       0.044520       0.001929
      13.599999       0.033870       0.001924
      13.620000       0.046751       0.001933
      13.639999       0.079292       0.001953
      13.660000       0.070425       0.001948
      13.679999       0.049134       0.001937
      13.700000       0.035018       0.001933
      13.719999       0.010093       0.001919
      13.740000      -0.004999       0.001910
      13.759999       0.003605       0.001916
      13.780000       0.010113       0.001918
      13.799999       0.012756       0.001920
      13.820000       0.004205       0.001918
      13.840000      -0.000828       0.001918
      13.860000      -0.007093       0.001915
      13.880000      -0.025243       0.001908
      13.900000      -0.028525       0.001907
      13.920000      -0.020185       0.001914
      13.940000      -0.020854       0.001916
      13.960000      -0.010709       0.001923
      13.980000       0.018315       0.001943
      14.000000       0.068309       0.001977
      14.020000       0.095395       0.001995
      14.040000       0.078664       0.001987
      14.059999       0.051257       0.001971
      14.080000       0.041813       0.001966
      14.099999       0.047392       0.001971
      14.120000       0.035703       0.001965
      14.139999       0.031553       0.001966
      14.160000       0.031244       0.001967
      14.179999       0.018690       0.001960
      14.200000       0.008327       0.001954
      14.219999       0.000069       0.001950
      14.240000      -0.000090       0.001952
      14.259999      -0.001673       0.001954
      14.280000      -0.006767       0.001955
      14.299999      -0.000528       0.001961
      14.320000       0.003165       0.001963
      14.340000      -0.005572       0.001957
      14.360000      -0.025523       0.001944
      14.380000      -0.027600       0.001944
      14.400000      -0.010837       0.001957
      14.420000       0.003747       0.001968
      14.440000       0.000733       0.001970
      14.460000      -0.001184       0.001972
      14.480000      -0.017214       0.001961
      14.500000      -0.024035       0.001958
      14.520000      -0.019642       0.001961
      14.540000      -0.005972       0.001971
      14.559999       0.006756       0.001980
      14.580000      -0.002295       0.001977
      14.599999      -0.020103       0.001968
      14.620000      -0.028944       0.001963
      14.639999      -0.031116       0.001963
      14.660000      -0.032475       0.001962
      14.679999      -0.021224       0.001969
      14.700000      -0.025961       0.001966
      14.719999      -0.033556       0.001962
      14.740000      -0.025199       0.001972
      14.759999      -0.028175       0.001972
      14.780000      -0.041083       0.001968
      14.799999      -0.044839       0.001967
      14.820000      -0.042953       0.001970
      14.839999      -0.035532       0.001976
      14.860000      -0.035128       0.001977
      14.880000      -0.027556       0.001985
      14.900000      -0.027196       0.001987
      14.920000      -0.038015       0.001983
      14.940000      -0.047048       0.001977
      14.960000      -0.047197       0.001979
      14.980000      -0.043458       0.001981
      15.000000      -0.044009       0.001983
      15.020000      -0.047033       0.001982
      15.040000      -0.052488       0.001982
      15.059999      -0.046707       0.001985
      15.080000      -0.045838       0.001989
      15.099999      -0.038353       0.001994
      15.120000      -0.022724       0.002007
      15.139999      -0.014762       0.002014
      15.160000      -0.025438       0.002010
      15.179999      -0.039291       0.002005
      15.200000      -0.042701       0.002006
      15.219999      -0.044505       0.002002
      15.240000      -0.047720       0.001999
      15.259999      -0.046511       0.002002
      15.280000      -0.037267       0.002007
      15.299999      -0.032812       0.002014
      15.320000      -0.027916       0.002022
      15.339999      -0.018803       0.002029
      15.360000      -0.021948       0.002029
      15.380000      -0.018192       0.002032
      15.400000      -0.012552       0.002039
      15.420000      -0.002618       0.002048
      15.440000      -0.001941       0.002049
      15.460000      -0.010046       0.002045
      15.480000      -0.008085       0.002047
      15.500000      -0.003377       0.002054
      15.520000      -0.001116       0.002058
      15.540000       0.011180       0.002066
      15.559999       0.016548       0.002073
      15.580000       0.017062       0.002076
      15.599999       0.018669       0.002080
      15.620000       0.010805       0.002078
      15.639999      -0.002849       0.002068
      15.660000      -0.009302       0.002065
      15.679999      -0.011349       0.002064
      15.700000      -0.006964       0.002069
      15.719999      -0.000291       0.002074
      15.740000       0.000297       0.002079
      15.759999       0.009515       0.002087
      15.780000       0.004208       0.002087
      15.799999       0.000768       0.002085
      15.820000       0.011347       0.002091
      15.839999       0.017111       0.002097
      15.860000       0.018090       0.002099
      15.880000       0.017159       0.002100
      15.900000       0.010671       0.002100
      15.920000       0.012342       0.002103
      15.940000       0.020901       0.002111
      15.960000       0.026977       0.002117
      15.980000       0.023505       0.002118
      16.000000       0.015366       0.002113
      16.020000       0.007635       0.002111
      16.039999      -0.000660       0.002106
      16.059999      -0.009081       0.002100
      16.080000      -0.011303       0.002101
      16.100000      -0.013084       0.002104
      16.119999      -0.008509       0.002109
      16.139999      -0.002707       0.002111
      16.160000      -0.002555       0.002114
      16.180000      -0.000515       0.002118
      16.199999       0.004933       0.002123
      16.219999       0.017473       0.002133
      16.240000       0.025492       0.002141
      16.260000       0.023979       0.002143
      16.279999       0.024394       0.002144
      16.299999       0.014926       0.002139
      16.320000       0.002928       0.002130
      16.340000      -0.001578       0.002127
      16.359999       0.006348       0.002133
      16.379999       0.005051       0.002134
      16.400000      -0.003576       0.002131
      16.420000      -0.008186       0.002131
      16.440001      -0.007830       0.002133
      16.459999      -0.010449       0.002132
      16.480000      -0.014088       0.002134
      16.500000      -0.012146       0.002133
      16.520000      -0.010032       0.002137
      16.539999      -0.009580       0.002139
      16.559999      -0.012861       0.002139
      16.580000      -0.017979       0.002138
      16.600000      -0.020667       0.002137
      16.619999      -0.015279       0.002143
      16.639999      -0.016480       0.002142
      16.660000      -0.021708       0.002142
      16.680000      -0.018562       0.002146
      16.699999      -0.012486       0.002154
      16.719999      -0.009833       0.002161
      16.740000      -0.002371       0.002166
      16.760000      -0.006156       0.002165
      16.779999      -0.010812       0.002160
      16.799999      -0.010019       0.002161
      16.820000      -0.012201       0.002161
      16.840000      -0.017503       0.002159
      16.859999      -0.024407       0.002157
      16.879999      -0.024956       0.002161
      16.900000      -0.016420       0.002168
      16.920000      -0.016819       0.002171
      16.940001      -0.022588       0.002165
      16.959999      -0.028272       0.002163
      16.980000      -0.030450       0.002166
      17.000000      -0.026625       0.002171
      17.020000      -0.026438       0.002173
      17.039999      -0.029740       0.002173
      17.059999      -0.029698       0.002175
      17.080000      -0.031160       0.002174
      17.100000      -0.030254       0.002177
      17.119999      -0.026580       0.002183
      17.139999      -0.025781       0.002184
      17.160000      -0.017301       0.002192
      17.180000      -0.012033       0.002198
      17.199999      -0.016463       0.002198
      17.219999      -0.024920       0.002193
      17.240000      -0.024417       0.002196
      17.260000      -0.020417       0.002199
      17.279999      -0.015471       0.002205
      17.299999      -0.005276       0.002213
      17.320000      -0.005778       0.002212
      17.340000      -0.006843       0.002211
      17.359999      -0.014753       0.002211
      17.379999      -0.013373       0.002212
      17.400000      -0.006716       0.002218
      17.420000      -0.007285       0.002220
      17.440001      -0.008053       0.002226
      17.459999      -0.005897       0.002229
      17.480000      -0.002498       0.002234
      17.500000       0.001043       0.002240
      17.520000      -0.001747       0.002237
      17.539999      -0.007838       0.002234
      17.559999      -0.016870       0.002228
      17.580000      -0.023861       0.002224
      17.600000      -0.019177       0.002230
      17.619999      -0.014784       0.002237
      17.639999      -0.011070       0.002244
      17.660000      -0.004580       0.002251
      17.680000      -0.004144       0.002254
      17.699999      -0.005966       0.002255
      17.719999      -0.004629       0.002257
      17.740000      -0.000964       0.002260
      17.760000       0.006280       0.002268
      17.779999       0.009749       0.002271
      17.799999       0.012861       0.002277
      17.820000       0.016854       0.002276
      17.840000       0.016119       0.002278
      17.859999       0.010353       0.002274
      17.879999       0.009271       0.002274
      17.900000       0.007346       0.002275
      17.920000       0.009221       0.002281
      17.940001       0.012293       0.002287
      17.959999       0.016108       0.002294
      17.980000       0.019760       0.002297
      18.000000       0.026801       0.002307
      18.020000       0.034339       0.002315
      18.039999       0.039798       0.002320
      18.059999       0.043874       0.002327
      18.080000       0.039560       0.002324
      18.100000       0.041465       0.002327
      18.119999       0.043124       0.002330
      18.139999       0.040647       0.002330
      18.160000       0.032299       0.002325
      18.180000       0.029972       0.002326
      18.199999       0.032360       0.002329
      18.219999       0.035657       0.002332
      18.240000       0.036377       0.002337
      18.260000       0.034994       0.002336
      18.279999       0.035838       0.002340
      18.299999       0.034386       0.002341
      18.320000       0.035459       0.002343
      18.340000       0.038486       0.002345
      18.359999       0.036019       0.002344
      18.379999       0.039260       0.002349
      18.400000       0.036918       0.002349
      18.420000       0.034091       0.002349
      18.440001       0.032793       0.002351
      18.459999       0.032774       0.002354
      18.480000       0.035183       0.002358
      18.500000       0.030797       0.002358
      18.520000       0.026871       0.002354
      18.539999       0.022969       0.002352
      18.559999       0.019643       0.002352
      18.580000       0.016528       0.002354
      18.600000       0.016473       0.002355
      18.619999       0.009972       0.002352
      18.639999       0.008306       0.002355
      18.660000       0.007133       0.002354
      18.680000       0.004190       0.002355
      18.699999       0.008527       0.002358
      18.719999       0.011322       0.002363
      18.740000       0.013466       0.002366
      18.760000       0.009631       0.002365
      18.779999       0.009358       0.002366
      18.799999       0.007506       0.002365
      18.820000       0.007357       0.002371
      18.840000       0.008969       0.002376
      18.859999       0.008263       0.002378
      18.879999       0.007647       0.002376
      18.900000       0.007333       0.002378
      18.920000       0.003107       0.002378
      18.939999       0.001383       0.002376
      18.959999       0.001565       0.002378
      18.980000      -0.001192       0.002378
      19.000000      -0.005741       0.002379
      19.020000      -0.008086       0.002378
      19.039999      -0.011449       0.002379
      19.059999      -0.010605       0.002379
      19.080000      -0.011392       0.002378
      19.100000      -0.011948       0.002377
      19.119999      -0.017032       0.002376
      19.139999      -0.019407       0.002378
      19.160000      -0.020980       0.002381
      19.180000      -0.020880       0.002385
      19.199999      -0.017518       0.002391
      19.219999      -0.017978       0.002388
      19.240000      -0.020076       0.002387
      19.260000      -0.025219       0.002385
      19.279999      -0.027813       0.002382
      19.299999      -0.029179       0.002382
      19.320000      -0.029729       0.002386
      19.340000      -0.032091       0.002389
      19.359999      -0.034597       0.002390
      19.379999      -0.034172       0.002392
      19.400000      -0.036134       0.002392
      19.420000      -0.040790       0.002388
      19.439999      -0.043231       0.002386
      19.459999      -0.045211       0.002385
      19.480000      -0.048753       0.002386
      19.500000      -0.046416       0.002389
      19.520000      -0.041714       0.002397
      19.539999      -0.041769       0.002399
      19.559999      -0.041124       0.002403
      19.580000      -0.036331       0.002410
      19.600000      -0.040125       0.002410
      19.619999      -0.044751       0.002408
      19.639999      -0.050470       0.002404
      19.660000      -0.051147       0.002401
      19.680000      -0.053380       0.002400
      19.699999      -0.054022       0.002401
      19.719999      -0.054780       0.002404
      19.740000      -0.052184       0.002408
      19.760000      -0.049928       0.002409
      19.779999      -0.049665       0.002412
      19.799999      -0.049082       0.002413
      19.820000      -0.046569       0.002420
      19.840000      -0.044166       0.002429
      19.859999      -0.041283       0.002437
      19.879999      -0.037721       0.002441
      19.900000      -0.037324       0.002439
      19.920000      -0.039332       0.002438
      19.939999      -0.044459       0.002431
      19.959999      -0.043515       0.002429
      19.980000      -0.040113       0.002433
      20.000000      -0.040035       0.002441
      20.020000      -0.037639       0.002448
      20.039999      -0.035228       0.002456
      20.059999      -0.032836       0.002463
      20.080000      -0.029009       0.002467
      20.100000      -0.028660       0.002467
      20.119999      -0.030579       0.002465
      20.139999      -0.032089       0.002465
      20.160000      -0.035379       0.002468
      20.180000      -0.032395       0.002471
      20.199999      -0.030528       0.002473
      20.219999      -0.032532       0.002472
      20.240000      -0.030003       0.002475
      20.260000      -0.027202       0.002480
      20.279999      -0.027603       0.002484
      20.299999      -0.027354       0.002490
      20.320000      -0.027884       0.002489
      20.340000      -0.026555       0.002488
      20.359999      -0.025359       0.002486
      20.379999      -0.026498       0.002486
      20.400000      -0.023913       0.002491
      20.420000      -0.020940       0.002500
      20.439999      -0.017931       0.002509
      20.459999      -0.016218       0.002516
      20.480000      -0.012471       0.002520
      20.500000      -0.006392       0.002521
      20.520000      -0.006190       0.002522
      20.539999      -0.006875       0.002524
      20.559999      -0.006406       0.002529
      20.580000      -0.002669       0.002536
      20.600000      -0.004271       0.002536
      20.619999      -0.006166       0.002536
      20.639999      -0.006322       0.002538
      20.660000      -0.005253       0.002540
      20.680000      -0.001627       0.002544
      20.699999      -0.001697       0.002548
      20.719999       0.003204       0.002556
      20.740000       0.007542       0.002562
      20.760000       0.007439       0.002562
      20.779999       0.008414       0.002562
      20.799999       0.007575       0.002563
      20.820000       0.005537       0.002565
      20.840000       0.003612       0.002568
      20.859999       0.004515       0.002571
      20.879999       0.005539       0.002573
      20.900000       0.000889       0.002572
      20.920000       0.000845       0.002573
      20.939999       0.005968       0.002575
      20.959999       0.006851       0.002580
      20.980000       0.008117       0.002586
      21.000000       0.007456       0.002587
      21.020000       0.003742       0.002585
      21.039999       0.004141       0.002585
      21.059999       0.003344       0.002587
      21.080000       0.003249       0.002590
      21.100000       0.002796       0.002592
      21.119999       0.004272       0.002597
      21.139999       0.003916       0.002602
      21.160000       0.003609       0.002600
      21.180000       0.004419       0.002600
      21.199999       0.002849       0.002600
      21.219999       0.002184       0.002602
      21.240000       0.001985       0.002602
      21.260000       0.003495       0.002605
      21.279999      -0.000111       0.002605
      21.299999       0.001283       0.002603
      21.320000       0.004098       0.002606
      21.340000       0.004669       0.002610
      21.359999       0.004624       0.002614
      21.379999       0.007491       0.002624
      21.400000       0.005724       0.002625
      21.420000       0.006323       0.002625
      21.439999       0.007354       0.002626
      21.459999       0.006532       0.002625
      21.480000       0.005299       0.002626
      21.500000       0.004251       0.002628
      21.520000       0.004879       0.002633
      21.539999       0.003549       0.002636
      21.559999       0.003325       0.002636
      21.580000       0.002690       0.002637
      21.600000       0.002303       0.002636
      21.619999       0.003510       0.002637
      21.639999       0.002809       0.002639
      21.660000       0.006148       0.002648
      21.680000       0.007950       0.002655
      21.699999       0.010337       0.002655
      21.719999       0.008304       0.002655
      21.740000       0.005134       0.002653
      21.760000       0.006386       0.002656
      21.779999       0.005365       0.002657
      21.799999       0.006760       0.002659
      21.820000       0.007325       0.002661
      21.840000       0.005201       0.002661
      21.859999       0.005774       0.002660
      21.879999       0.002586       0.002656
      21.900000       0.000053       0.002658
      21.920000       0.002600       0.002665
      21.939999       0.004599       0.002670
      21.959999       0.001637       0.002674
      21.980000       0.002143       0.002679
      22.000000       0.001683       0.002680
      22.020000       0.002067       0.002680
      22.039999       0.001575       0.002683
      22.059999       0.004754       0.002688
      22.080000       0.004873       0.002688
      22.100000       0.003984       0.002689
      22.119999       0.003629       0.002691
      22.139999       0.000595       0.002690
      22.160000      -0.000937       0.002688
      22.180000      -0.001075       0.002688
      22.199999       0.001357       0.002696
      22.219999       0.004346       0.002701
      22.240000       0.000421       0.002699
      22.260000      -0.001978       0.002701
      22.279999       0.003958       0.002705
      22.299999       0.006406       0.002707
      22.320000       0.001130       0.002705
      22.340000       0.001823       0.002708
      22.359999       0.005489       0.002716
      22.379999       0.003808       0.002718
      22.400000       0.002424       0.002719
      22.420000      -0.000811       0.002718
      22.439999      -0.002639       0.002719
      22.459999      -0.001354       0.002721
      22.480000      -0.000483       0.002723
      22.500000      -0.002445       0.002724
      22.519999       0.000509       0.002729
      22.539999       0.004114       0.002733
      22.559999       0.002429       0.002733
      22.580000       0.002087       0.002733
      22.600000       0.006393       0.002742
      22.619999       0.005292       0.002743
      22.639999       0.003096       0.002742
      22.660000       0.001655       0.002741
      22.680000       0.002684       0.002743
      22.699999       0.000299       0.002745
      22.719999       0.002324       0.002747
      22.740000       0.002738       0.002749
      22.760000       0.000299       0.002750
      22.779999       0.003661       0.002753
      22.799999      -0.001213       0.002750
      22.820000       0.002546       0.002752
      22.840000       0.003253       0.002759
      22.859999       0.004364       0.002763
      22.879999       0.000347       0.002765
      22.900000       0.003950       0.002769
      22.920000       0.002889       0.002768
      22.939999       0.003446       0.002767
      22.959999       0.004193       0.002768
      22.980000       0.003054       0.002769
      23.000000       0.006046       0.002774
      23.019999       0.006636       0.002782
      23.039999       0.009383       0.002784
      23.059999       0.008667       0.002786
      23.080000       0.005882       0.002786
      23.100000       0.007590       0.002792
      23.119999       0.005409       0.002789
      23.139999       0.004888       0.002791
      23.160000       0.003499       0.002795
      23.180000       0.003044       0.002794
      23.199999       0.001460       0.002793
      23.219999      -0.001909       0.002792
      23.240000      -0.001925       0.002788
      23.260000      -0.002670       0.002792
      23.279999      -0.006397       0.002789
      23.299999      -0.007146       0.002791
      23.320000      -0.008494       0.002797
      23.340000      -0.002773       0.002804
      23.359999      -0.005906       0.002808
      23.379999      -0.002957       0.002814
      23.400000      -0.006266       0.002813
      23.420000      -0.008256       0.002812
      23.439999      -0.009781       0.002812
      23.459999      -0.010859       0.002807
      23.480000      -0.014791       0.002805
      23.500000      -0.015233       0.002807
      23.519999      -0.017291       0.002808
      23.539999      -0.015089       0.002810
      23.559999      -0.015338       0.002814
      23.580000      -0.021444       0.002815
      23.600000      -0.017765       0.002819
      23.619999      -0.020100       0.002819
      23.639999      -0.017437       0.002821
      23.660000      -0.019695       0.002822
      23.680000      -0.020709       0.002822
      23.699999      -0.026637       0.002819
      23.719999      -0.027886       0.002812
      23.740000      -0.031028       0.002810
      23.760000      -0.032315       0.002811
      23.779999      -0.031876       0.002817
      23.799999      -0.025621       0.002825
      23.820000      -0.025750       0.002829
      23.840000      -0.031630       0.002831
      23.859999      -0.035680       0.002827
      23.879999      -0.031915       0.002831
      23.900000      -0.035318       0.002828
      23.920000      -0.032906       0.002832
      23.939999      -0.033170       0.002836
      23.959999      -0.027572       0.002843
      23.980000      -0.030027       0.002847
      24.000000      -0.031755       0.002843
      24.019999      -0.035971       0.002840
      24.039999      -0.036343       0.002839
      24.059999      -0.036095       0.002842
      24.080000      -0.031220       0.002850
      24.100000      -0.032495       0.002854
      24.119999      -0.034499       0.002856
      24.139999      -0.036405       0.002852
      24.160000      -0.031372       0.002855
      24.180000      -0.038148       0.002850
      24.199999      -0.036467       0.002854
      24.219999      -0.033203       0.002863
      24.240000      -0.028403       0.002871
      24.260000      -0.029240       0.002878
      24.279999      -0.032528       0.002871
      24.299999      -0.036778       0.002869
      24.320000      -0.033442       0.002869
      24.340000      -0.035470       0.002865
      24.359999      -0.034992       0.002868
      24.379999      -0.033697       0.002879
      24.400000      -0.028501       0.002885
      24.420000      -0.025480       0.002894
      24.439999      -0.030294       0.002893
      24.459999      -0.031166       0.002894
      24.480000      -0.030994       0.002890
      24.500000      -0.030035       0.002895
      24.519999      -0.030222       0.002897
      24.539999      -0.031667       0.002897
      24.559999      -0.024630       0.002908
      24.580000      -0.025911       0.002910
      24.600000      -0.027153       0.002908
      24.619999      -0.027616       0.002908
      24.639999      -0.026202       0.002905
      24.660000      -0.023023       0.002914
      24.680000      -0.023595       0.002917
      24.699999      -0.020676       0.002923
      24.719999      -0.019404       0.002925
      24.740000      -0.013965       0.002938
      24.760000      -0.016915       0.002941
      24.779999      -0.020625       0.002941
      24.799999      -0.012559       0.002951
      24.820000      -0.014135       0.002950
      24.840000      -0.009838       0.002956
      24.859999      -0.011678       0.002957
      24.879999      -0.017488       0.002953
      24.900000      -0.011860       0.002954
      24.920000      -0.011835       0.002951
      24.939999      -0.010447       0.002952
      24.959999      -0.017219       0.002955
      24.980000      -0.016478       0.002958
      25.000000      -0.011534       0.002967
      25.019999      -0.013424       0.002973
      25.039999      -0.009210       0.002975
      25.059999      -0.009069       0.002971
      25.080000      -0.009670       0.002970
      25.100000      -0.008508       0.002966
      25.119999      -0.011526       0.002972
      25.139999      -0.005748       0.002980
      25.160000      -0.007699       0.002984
      25.180000      -0.005792       0.002987
      25.199999      -0.003349       0.002991
      25.219999      -0.003735       0.002996
      25.240000      -0.003880       0.003000
      25.260000      -0.002861       0.003002
      25.279999      -0.000359       0.003006
      25.299999       0.003968       0.003005
      25.320000      -0.000705       0.003007
      25.340000       0.004575       0.003018
      25.359999       0.001531       0.003014
      25.379999       0.003600       0.003021
      25.400000       0.004702       0.003025
      25.420000       0.006186       0.003027
      25.439999       0.008206       0.003028
      25.459999       0.005981       0.003025
      25.480000       0.004999       0.003022
      25.500000       0.005401       0.003022
      25.519999       0.007155       0.003032
      25.539999       0.008425       0.003040
      25.559999       0.010879       0.003047
      25.580000       0.013349       0.003049
      25.599998       0.013848       0.003051
      25.619999       0.011639       0.003049
      25.639999       0.008383       0.003046
      25.660000       0.008335       0.003050
      25.680000       0.011507       0.003059
      25.699999       0.010415       0.003061
      25.719999       0.011270       0.003061
      25.740000       0.014037       0.003063
      25.760000       0.013546       0.003064
      25.779999       0.014447       0.003067
      25.799999       0.015011       0.003070
      25.820000       0.018233       0.003079
      25.840000       0.016543       0.003081
      25.859999       0.019822       0.003089
      25.879999       0.019794       0.003089
      25.900000       0.014804       0.003090
      25.920000       0.015884       0.003091
      25.939999       0.019604       0.003094
      25.959999       0.017934       0.003094
      25.980000       0.019257       0.003100
      26.000000       0.015006       0.003096
      26.019999       0.016868       0.003099
      26.039999       0.018584       0.003104
      26.059999       0.016687       0.003108
      26.080000       0.019143       0.003113
      26.099998       0.016108       0.003109
      26.119999       0.013183       0.003107
      26.139999       0.015095       0.003109
      26.160000       0.013473       0.003107
      26.180000       0.017264       0.003115
      26.199999       0.020390       0.003124
      26.219999       0.018586       0.003124
      26.240000       0.016524       0.003121
      26.260000       0.012331       0.003117
      26.279999       0.011520       0.003117
      26.299999       0.015897       0.003122
      26.320000       0.014790       0.003126
      26.340000       0.020105       0.003142
      26.359999       0.020825       0.003146
      26.379999       0.016537       0.003146
      26.400000       0.013442       0.003143
      26.420000       0.012944       0.003141
      26.439999       0.010209       0.003143
      26.459999       0.009773       0.003144
      26.480000       0.015378       0.003155
      26.500000       0.014522       0.003154
      26.519999       0.010643       0.003152
      26.539999       0.002091       0.003140
      26.559999       0.001712       0.003135
      26.580000      -0.001413       0.003133
      26.599998       0.000419       0.003139
      26.619999       0.001431       0.003150
      26.639999       0.006551       0.003161
      26.660000       0.008699       0.003168
      26.680000       0.011425       0.003164
      26.699999       0.000643       0.003161
      26.719999       0.002162       0.003160
      26.740000      -0.002101       0.003156
      26.760000       0.001535       0.003161
      26.779999       0.002321       0.003169
      26.799999      -0.003775       0.003166
      26.820000      -0.005314       0.003162
      26.840000      -0.006053       0.003162
      26.859999      -0.008206       0.003162
      26.879999      -0.003573       0.003167
      26.900000      -0.007277       0.003172
      26.920000      -0.001404       0.003179
      26.939999      -0.000997       0.003183
      26.959999      -0.004294       0.003185
      26.980000      -0.007169       0.003177
      27.000000      -0.010970       0.003174
      27.019999      -0.013266       0.003175
      27.039999      -0.012539       0.003174
      27.059999      -0.008185       0.003183
      27.080000      -0.013743       0.003180
      27.099998      -0.016184       0.003179
      27.119999      -0.016895       0.003181
      27.139999      -0.014139       0.003185
      27.160000      -0.012196       0.003195
      27.180000      -0.013735       0.003203
      27.199999      -0.016330       0.003202
      27.219999      -0.016508       0.003202
      27.240000      -0.011742       0.003206
      27.260000      -0.010000       0.003203
      27.279999      -0.016126       0.003201
      27.299999      -0.015898       0.003201
      27.320000      -0.014918       0.003201
      27.340000      -0.023576       0.003198
      27.359999      -0.020018       0.003202
      27.379999      -0.020275       0.003210
      27.400000      -0.024398       0.003203
      27.420000      -0.024362       0.003209
      27.439999      -0.021788       0.003212
      27.459999      -0.025408       0.003209
      27.480000      -0.026994       0.003210
      27.500000      -0.024278       0.003219
      27.519999      -0.023153       0.003220
      27.539999      -0.019651       0.003225
      27.559999      -0.022202       0.003229
      27.580000      -0.024944       0.003233
      27.599998      -0.021884       0.003235
      27.619999      -0.021549       0.003237
      27.639999      -0.026397       0.003236
      27.660000      -0.027369       0.003236
      27.680000      -0.030182       0.003235
      27.699999      -0.027644       0.003236
      27.719999      -0.026361       0.003237
      27.740000      -0.025982       0.003234
      27.760000      -0.030203       0.003232
      27.779999      -0.030870       0.003235
      27.799999      -0.028593       0.003241
      27.820000      -0.025889       0.003248
      27.840000      -0.029745       0.003254
      27.859999      -0.029896       0.003256
      27.879999      -0.026181       0.003257
      27.900000      -0.026291       0.003259
      27.920000      -0.026948       0.003266
      27.939999      -0.026488       0.003266
      27.959999      -0.028158       0.003264
      27.980000      -0.025604       0.003267
      28.000000      -0.021397       0.003270
      28.019999      -0.024528       0.003265
      28.039999      -0.026110       0.003270
      28.059999      -0.021405       0.003280
      28.080000      -0.025780       0.003284
      28.099998      -0.026076       0.003286
      28.119999      -0.021373       0.003294
      28.139999      -0.020199       0.003293
      28.160000      -0.025958       0.003291
      28.180000      -0.020977       0.003298
      28.199999      -0.027883       0.003290
      28.219999      -0.025576       0.003297
      28.240000      -0.025546       0.003299
      28.260000      -0.023194       0.003301
      28.279999      -0.025851       0.003291
      28.299999      -0.024755       0.003294
      28.320000      -0.022299       0.003300
      28.340000      -0.025323       0.003305
      28.359999      -0.021906       0.003315
      28.379999      -0.013782       0.003329
      28.400000      -0.012401       0.003336
      28.420000      -0.016759       0.003335
      28.439999      -0.018677       0.003332
      28.459999      -0.020450       0.003331
      28.480000      -0.018569       0.003334
      28.500000      -0.015952       0.003339
      28.519999      -0.015027       0.003341
      28.539999      -0.014390       0.003345
      28.559999      -0.014133       0.003348
      28.580000      -0.019313       0.003345
      28.599998      -0.018319       0.003346
      28.619999      -0.015694       0.003352
      28.639999      -0.011575       0.003363
      28.660000      -0.009434       0.003369
      28.680000      -0.007011       0.003377
      28.699999      -0.007513       0.003376
      28.719999      -0.015388       0.003370
      28.740000      -0.011415       0.003382
      28.760000      -0.001585       0.003392
      28.779999      -0.003624       0.003391
      28.799999      -0.004171       0.003394
      28.820000      -0.002780       0.003391
      28.840000      -0.008175       0.003386
      28.859999      -0.005887       0.003389
      28.879999      -0.003560       0.003396
      28.900000      -0.003425       0.003402
      28.920000      -0.004934       0.003409
      28.939999      -0.005456       0.003412
      28.959999       0.000861       0.003418
      28.980000       0.001638       0.003420
      29.000000       0.002940       0.003421
      29.019999      -0.000357       0.003420
      29.039999      -0.005500       0.003417
      29.059999      -0.003898       0.003419
      29.080000      -0.001856       0.003418
      29.099998      -0.002559       0.003417
      29.119999      -0.004585       0.003416
      29.139999      -0.004998       0.003423
      29.160000      -0.005357       0.003423
      29.179998       0.002967       0.003432
      29.199999       0.003355       0.003439
      29.219999      -0.000205       0.003436
      29.240000      -0.001241       0.003439
      29.260000       0.002704       0.003446
      29.279999       0.008109       0.003457
      29.299999       0.008856       0.003462
      29.320000       0.001206       0.003457
      29.340000       0.005137       0.003463
      29.359999       0.005156       0.003463
      29.379999       0.001157       0.003459
      29.400000       0.001657       0.003460
      29.420000      -0.002574       0.003457
      29.439999       0.006336       0.003463
      29.459999       0.005835       0.003468
      29.480000       0.004644       0.003478
      29.500000       0.003425       0.003485
      29.519999       0.010644       0.003496
      29.539999       0.007990       0.003498
      29.559999       0.007546       0.003500
      29.580000       0.004613       0.003495
      29.599998       0.005263       0.003496
      29.619999       0.009521       0.003495
      29.639999       0.006186       0.003494
      29.660000       0.003311       0.003495
      29.679998       0.002962       0.003497
      29.699999       0.012329       0.003505
      29.719999       0.009273       0.003504
      29.740000       0.007374       0.003511
      29.760000       0.004143       0.003510
      29.779999       0.004860       0.003508
      29.799999       0.000985       0.003508
      29.820000       0.002690       0.003511
      29.840000       0.003347       0.003520
      29.859999       0.009640       0.003531
      29.879999       0.012766       0.003535
      29.900000       0.012946       0.003547
      29.920000       0.009145       0.003543
      29.939999       0.006715       0.003536
      29.959999       0.005980       0.003530
      29.980000       0.004882       0.003533
      30.000000       0.005974       0.003536
      30.019999       0.010597       0.003545
      30.039999       0.011678       0.003548
      30.059999       0.006959       0.003546
      30.080000       0.000572       0.003539
      30.099998       0.001771       0.003536
      30.119999      -0.003754       0.003533
      30.139999       0.004654       0.003545
      30.160000       0.007695       0.003560
      30.179998       0.010196       0.003566
      30.199999       0.007601       0.003573
      30.219999       0.009881       0.003568
      30.240000       0.009357       0.003572
      30.260000       0.002734       0.003564
      30.279999       0.004123       0.003566
      30.299999       0.007035       0.003566
      30.320000       0.004389       0.003568
      30.340000       0.005340       0.003581
      30.359999       0.001310       0.003581
      30.379999       0.004077       0.003579
      30.400000       0.006126       0.003590
      30.420000       0.004650       0.003588
      30.439999       0.006156       0.003593
      30.459999       0.007420       0.003595
      30.480000       0.006142       0.003603
      30.500000       0.005925       0.003604
      30.519999       0.009627       0.003603
      30.539999       0.005283       0.003593
      30.559999       0.000597       0.003590
      30.580000       0.002272       0.003595
      30.599998       0.003778       0.003597
      30.619999       0.001731       0.003605
      30.639999       0.001762       0.003607
      30.660000       0.002400       0.003614
      30.679998       0.004891       0.003627
      30.699999       0.010484       0.003636
      30.719999       0.012762       0.003641
      30.740000       0.008512       0.003639
      30.760000       0.008063       0.003644
      30.779999       0.011500       0.003643
      30.799999       0.008798       0.003638
      30.820000       0.000959       0.003630
      30.840000      -0.002580       0.003626
      30.859999       0.001581       0.003636
      30.879999       0.001343       0.003632
      30.900000       0.000977       0.003634
      30.920000      -0.000058       0.003641
      30.939999       0.000324       0.003649
      30.959999       0.002537       0.003654
      30.980000       0.004853       0.003654
      31.000000       0.003002       0.003654
      31.019999      -0.000137       0.003654
      31.039999      -0.001925       0.003653
      31.059999      -0.002466       0.003652
      31.080000       0.000902       0.003655
      31.099998      -0.003992       0.003661
      31.119999      -0.006334       0.003659
      31.139999      -0.004306       0.003657
      31.160000      -0.007122       0.003655
      31.179998      -0.003876       0.003663
      31.199999      -0.004307       0.003667
      31.219999      -0.003624       0.003669
      31.240000      -0.007663       0.003669
      31.260000      -0.005543       0.003682
      31.279999      -0.006068       0.003683
      31.299999      -0.003979       0.003687
      31.320000      -0.008559       0.003683
      31.340000      -0.005459       0.003682
      31.359999      -0.006237       0.003688
      31.379999      -0.007640       0.003688
      31.400000      -0.007552       0.003695
