#       1571
#     file:    SofQ/NOM_9999_vanadium_SQ.dat
#     created: Mon Jul 25 14:47:15 2016
#     Comment: neutron, Qmax=31.414, Qdamp=0.017659, Qbroad= 0.0191822
#     
       0.000000      -0.042461       0.000000
       0.020000      -0.042461       0.000000
       0.040000      -0.042461       0.000000
       0.060000      -0.042461       0.000000
       0.080000      -0.042461       0.000000
       0.100000      -0.042461       0.000000
       0.120000      -0.042462       0.000000
       0.140000      -0.042462       0.000000
       0.160000      -0.042462       0.010421
       0.180000      -0.042462       0.004525
       0.200000      -0.042463       0.004340
       0.220000      -0.042463       0.003257
       0.240000      -0.042463       0.002541
       0.260000      -0.042464       0.002075
       0.280000      -0.042464       0.001781
       0.300000      -0.042465       0.001596
       0.320000      -0.042465       0.001459
       0.340000      -0.042466       0.001365
       0.360000      -0.042466       0.001303
       0.380000      -0.042467       0.001283
       0.400000      -0.042467       0.001286
       0.420000      -0.042468       0.001303
       0.440000      -0.042469       0.001338
       0.460000      -0.042470       0.001375
       0.480000      -0.042470       0.001402
       0.500000      -0.042471       0.001411
       0.520000      -0.025359       0.001399
       0.540000      -0.028414       0.001372
       0.560000      -0.033422       0.001342
       0.580000      -0.034269       0.001313
       0.600000      -0.038997       0.001282
       0.620000      -0.044220       0.001254
       0.640000      -0.049287       0.001225
       0.660000      -0.055871       0.001198
       0.680000      -0.062320       0.001176
       0.700000      -0.067186       0.001162
       0.720000      -0.072927       0.001155
       0.740000      -0.079962       0.001156
       0.760000      -0.085668       0.001166
       0.780000      -0.084292       0.001185
       0.800000      -0.081896       0.001209
       0.820000      -0.082263       0.001233
       0.840000      -0.077334       0.001259
       0.860000      -0.076364       0.001284
       0.880000      -0.075856       0.001309
       0.900000      -0.071615       0.001337
       0.920000      -0.072011       0.001364
       0.940000      -0.069378       0.001394
       0.960000      -0.061813       0.001426
       0.980000      -0.055441       0.001457
       1.000000      -0.049459       0.001481
       1.020000      -0.042141       0.001492
       1.040000      -0.035493       0.001485
       1.060000      -0.033671       0.001462
       1.080000      -0.031335       0.001427
       1.100000      -0.037495       0.001382
       1.120000      -0.042838       0.001339
       1.140000      -0.047503       0.001300
       1.160000      -0.048453       0.001265
       1.180000      -0.051611       0.001231
       1.200000      -0.053607       0.001199
       1.220000      -0.056679       0.001169
       1.240000      -0.062387       0.001140
       1.260000      -0.063777       0.001116
       1.280000      -0.065218       0.001094
       1.300000      -0.067781       0.001074
       1.320000      -0.069115       0.001055
       1.340000      -0.069097       0.001037
       1.360000      -0.071633       0.001019
       1.380000      -0.073771       0.001003
       1.400000      -0.074895       0.000990
       1.420000      -0.076770       0.000977
       1.440000      -0.077901       0.000966
       1.460000      -0.080704       0.000956
       1.480000      -0.083646       0.000948
       1.500000      -0.085393       0.000943
       1.520000      -0.086212       0.000942
       1.540000      -0.088407       0.000942
       1.560000      -0.091188       0.000945
       1.580000      -0.091149       0.000952
       1.600000      -0.088551       0.000961
       1.620000      -0.087764       0.000970
       1.640000      -0.088041       0.000978
       1.660000      -0.087161       0.000987
       1.680000      -0.085962       0.000996
       1.700000      -0.087206       0.001000
       1.720000      -0.087432       0.001004
       1.740000      -0.086202       0.001006
       1.760000      -0.085542       0.001008
       1.780000      -0.087045       0.001010
       1.800000      -0.086154       0.001012
       1.820000      -0.086404       0.001015
       1.840000      -0.087827       0.001017
       1.860000      -0.086428       0.001021
       1.880000      -0.085742       0.001025
       1.900000      -0.085248       0.001028
       1.920000      -0.086157       0.001031
       1.940000      -0.086164       0.001034
       1.960000      -0.085491       0.001036
       1.980000      -0.083122       0.001039
       2.000000      -0.082904       0.001039
       2.020000      -0.083293       0.001038
       2.040000      -0.085435       0.001034
       2.060000      -0.088239       0.001028
       2.080000      -0.086487       0.001023
       2.100000      -0.085175       0.001016
       2.120000      -0.088134       0.001003
       2.140000      -0.089935       0.000990
       2.160000      -0.087730       0.000978
       2.180000      -0.088366       0.000966
       2.200000      -0.090817       0.000952
       2.220000      -0.091528       0.000940
       2.240000      -0.087500       0.000932
       2.260000      -0.086366       0.000922
       2.280000      -0.093421       0.000908
       2.300000      -0.091998       0.000897
       2.320000      -0.087118       0.000888
       2.340000      -0.094594       0.000874
       2.360000      -0.094931       0.000863
       2.380000      -0.090330       0.000856
       2.400000      -0.095999       0.000844
       2.420000      -0.093424       0.000837
       2.440000      -0.091074       0.000830
       2.460000      -0.094916       0.000820
       2.480000      -0.092162       0.000813
       2.500000      -0.094597       0.000805
       2.520000      -0.094292       0.000798
       2.540000      -0.090313       0.000793
       2.560000      -0.093436       0.000786
       2.580000      -0.088772       0.000782
       2.600000      -0.093124       0.000774
       2.620000      -0.090331       0.000769
       2.640000      -0.090934       0.000763
       2.660000      -0.092757       0.000757
       2.680000      -0.088694       0.000754
       2.700000      -0.091563       0.000748
       2.720000      -0.088952       0.000745
       2.740000      -0.091627       0.000739
       2.760000      -0.088748       0.000736
       2.780000      -0.093272       0.000730
       2.800000      -0.089989       0.000728
       2.820000      -0.089205       0.000724
       2.840000      -0.089213       0.000720
       2.860000      -0.081152       0.000720
       2.880000      -0.075074       0.000720
       2.900000      -0.051641       0.000726
       2.920000      -0.020505       0.000737
       2.940000      -0.002771       0.000743
       2.960000      -0.032824       0.000731
       2.980000      -0.065728       0.000716
       3.000000      -0.075708       0.000712
       3.020000      -0.081809       0.000708
       3.040000      -0.082697       0.000707
       3.060000      -0.080132       0.000708
       3.080000      -0.081783       0.000708
       3.100000      -0.083419       0.000708
       3.120000      -0.082867       0.000711
       3.140000      -0.083289       0.000714
       3.160000      -0.082091       0.000716
       3.180000      -0.083083       0.000719
       3.200000      -0.081505       0.000723
       3.220000      -0.080318       0.000726
       3.240000      -0.079449       0.000729
       3.260000      -0.081570       0.000727
       3.280000      -0.080218       0.000726
       3.300000      -0.079266       0.000724
       3.320000      -0.082407       0.000720
       3.340000      -0.084549       0.000717
       3.360000      -0.082582       0.000716
       3.380000      -0.083119       0.000713
       3.400000      -0.082080       0.000711
       3.420000      -0.080799       0.000708
       3.440000      -0.082138       0.000705
       3.460000      -0.082543       0.000702
       3.480000      -0.081473       0.000699
       3.500000      -0.083282       0.000696
       3.520000      -0.082396       0.000694
       3.540000      -0.081985       0.000691
       3.560000      -0.082547       0.000688
       3.580000      -0.083260       0.000685
       3.600000      -0.083668       0.000681
       3.620000      -0.085894       0.000677
       3.640000      -0.085258       0.000674
       3.660000      -0.083938       0.000672
       3.680000      -0.085015       0.000669
       3.700000      -0.085228       0.000666
       3.720000      -0.085426       0.000662
       3.740000      -0.085006       0.000660
       3.760000      -0.085842       0.000657
       3.780000      -0.086819       0.000653
       3.800000      -0.085595       0.000650
       3.820000      -0.086036       0.000647
       3.840000      -0.084527       0.000644
       3.860000      -0.085030       0.000641
       3.880000      -0.086281       0.000638
       3.900000      -0.087358       0.000635
       3.920000      -0.085575       0.000632
       3.940000      -0.088011       0.000629
       3.960000      -0.086573       0.000626
       3.980000      -0.087247       0.000624
       4.000000      -0.088130       0.000621
       4.020000      -0.088250       0.000620
       4.040000      -0.086724       0.000619
       4.060000      -0.086367       0.000619
       4.080000      -0.083533       0.000621
       4.100000      -0.082085       0.000620
       4.120000      -0.080047       0.000619
       4.140000      -0.067563       0.000621
       4.160000      -0.059868       0.000619
       4.180000      -0.077310       0.000609
       4.200000      -0.082739       0.000599
       4.220000      -0.086228       0.000587
       4.240000      -0.084890       0.000573
       4.260000      -0.086846       0.000557
       4.280000      -0.089235       0.000541
       4.300000      -0.087961       0.000529
       4.320000      -0.085202       0.000522
       4.340000      -0.096484       0.000514
       4.360000      -0.100170       0.000512
       4.380000      -0.096641       0.000513
       4.400000      -0.093384       0.000515
       4.420000      -0.092258       0.000516
       4.440000      -0.092957       0.000516
       4.460000      -0.093557       0.000516
       4.480000      -0.093935       0.000516
       4.500000      -0.092899       0.000517
       4.520000      -0.091683       0.000519
       4.540000      -0.090505       0.000521
       4.560000      -0.088927       0.000522
       4.580000      -0.091139       0.000522
       4.600000      -0.090808       0.000523
       4.620000      -0.090444       0.000524
       4.640000      -0.090928       0.000525
       4.660000      -0.089169       0.000527
       4.680000      -0.088564       0.000528
       4.700000      -0.087060       0.000530
       4.720000      -0.086621       0.000531
       4.740000      -0.087659       0.000531
       4.760000      -0.087274       0.000533
       4.780000      -0.086867       0.000534
       4.800000      -0.085814       0.000536
       4.820000      -0.085944       0.000537
       4.840000      -0.085376       0.000539
       4.860000      -0.085155       0.000540
       4.880000      -0.084531       0.000541
       4.900000      -0.084367       0.000543
       4.920000      -0.084143       0.000545
       4.940000      -0.083109       0.000547
       4.960000      -0.081343       0.000549
       4.980000      -0.081150       0.000551
       5.000000      -0.077889       0.000553
       5.020000      -0.076325       0.000556
       5.040000      -0.069776       0.000560
       5.060000      -0.049913       0.000569
       5.080000       0.034121       0.000594
       5.100000      -0.036272       0.000577
       5.120000      -0.072824       0.000568
       5.140000      -0.076005       0.000569
       5.160000      -0.077011       0.000570
       5.180000      -0.076750       0.000573
       5.200000      -0.076278       0.000575
       5.220000      -0.076205       0.000576
       5.240000      -0.075843       0.000578
       5.260000      -0.076346       0.000580
       5.280000      -0.076729       0.000581
       5.300000      -0.076434       0.000583
       5.320000      -0.075626       0.000585
       5.340000      -0.075708       0.000587
       5.360000      -0.075220       0.000589
       5.380000      -0.075076       0.000591
       5.400000      -0.075260       0.000592
       5.420000      -0.074481       0.000594
       5.440000      -0.072484       0.000597
       5.460000      -0.072293       0.000599
       5.480000      -0.071851       0.000601
       5.500000      -0.071627       0.000603
       5.520000      -0.071292       0.000605
       5.540000      -0.071983       0.000606
       5.560000      -0.070640       0.000609
       5.580000      -0.070471       0.000610
       5.600000      -0.069809       0.000613
       5.620000      -0.070383       0.000615
       5.640000      -0.070142       0.000617
       5.660000      -0.069186       0.000620
       5.680000      -0.068176       0.000623
       5.700000      -0.068404       0.000625
       5.720000      -0.068173       0.000627
       5.740000      -0.068874       0.000629
       5.760000      -0.067517       0.000632
       5.780000      -0.066319       0.000634
       5.800000      -0.066093       0.000637
       5.820000      -0.064195       0.000640
       5.840000      -0.061223       0.000643
       5.860000      -0.047376       0.000650
       5.880000      -0.043852       0.000653
       5.900000      -0.059647       0.000650
       5.920000      -0.062055       0.000652
       5.940000      -0.062160       0.000654
       5.960000      -0.062500       0.000656
       5.980000      -0.064591       0.000658
       6.000000      -0.062615       0.000660
       6.020000      -0.061861       0.000663
       6.040000      -0.062391       0.000665
       6.060000      -0.060962       0.000668
       6.080000      -0.059957       0.000671
       6.100000      -0.060673       0.000674
       6.120000      -0.059347       0.000676
       6.140000      -0.060281       0.000679
       6.160000      -0.059214       0.000681
       6.180000      -0.059340       0.000683
       6.200000      -0.057645       0.000685
       6.220000      -0.057546       0.000688
       6.240000      -0.057859       0.000690
       6.260000      -0.056073       0.000692
       6.280000      -0.056635       0.000694
       6.300000      -0.057166       0.000696
       6.320000      -0.055513       0.000698
       6.340000      -0.055201       0.000700
       6.360000      -0.054947       0.000702
       6.380000      -0.053632       0.000705
       6.400000      -0.056190       0.000706
       6.420000      -0.053993       0.000709
       6.440000      -0.053727       0.000711
       6.460000      -0.053072       0.000713
       6.480000      -0.051579       0.000716
       6.500000      -0.050826       0.000718
       6.520000      -0.047241       0.000721
       6.540000      -0.038127       0.000727
       6.560000       0.002375       0.000743
       6.580000      -0.024262       0.000735
       6.600000      -0.048647       0.000729
       6.620000      -0.052615       0.000730
       6.640000      -0.051924       0.000733
       6.660000      -0.051733       0.000736
       6.680000      -0.049972       0.000739
       6.700000      -0.051357       0.000741
       6.720000      -0.051498       0.000743
       6.740000      -0.050164       0.000746
       6.760000      -0.050504       0.000749
       6.780000      -0.050000       0.000752
       6.800000      -0.048364       0.000755
       6.820000      -0.048507       0.000758
       6.840000      -0.048916       0.000760
       6.860000      -0.048142       0.000763
       6.880000      -0.047283       0.000765
       6.900000      -0.046147       0.000767
       6.920000      -0.047502       0.000769
       6.940000      -0.047164       0.000771
       6.960000      -0.046159       0.000774
       6.980000      -0.046062       0.000776
       7.000000      -0.047097       0.000778
       7.020000      -0.045110       0.000780
       7.040000      -0.044659       0.000783
       7.060000      -0.044097       0.000785
       7.080000      -0.044188       0.000787
       7.100000      -0.044103       0.000789
       7.120000      -0.044526       0.000791
       7.140000      -0.042556       0.000793
       7.160000      -0.039611       0.000797
       7.180000      -0.031060       0.000802
       7.200000      -0.027393       0.000805
       7.220000      -0.039649       0.000802
       7.240000      -0.040543       0.000804
       7.260000      -0.040595       0.000806
       7.280000      -0.040801       0.000808
       7.300000      -0.040775       0.000810
       7.320000      -0.041754       0.000811
       7.340000      -0.041450       0.000813
       7.360000      -0.040218       0.000816
       7.380000      -0.040138       0.000817
       7.400000      -0.039525       0.000820
       7.420000      -0.039930       0.000822
       7.440000      -0.040617       0.000824
       7.460000      -0.041860       0.000825
       7.480000      -0.040654       0.000828
       7.500000      -0.039038       0.000830
       7.520000      -0.039621       0.000832
       7.540000      -0.037961       0.000836
       7.560000      -0.037161       0.000838
       7.580000      -0.037374       0.000840
       7.600000      -0.037586       0.000841
       7.620000      -0.036296       0.000843
       7.640000      -0.037598       0.000844
       7.660000      -0.036916       0.000847
       7.680000      -0.034236       0.000850
       7.700000      -0.034857       0.000852
       7.720000      -0.029606       0.000856
       7.740000      -0.021153       0.000861
       7.760000       0.015741       0.000877
       7.780000       0.002105       0.000873
       7.800000      -0.030958       0.000861
       7.820000      -0.034000       0.000862
       7.840000      -0.036392       0.000863
       7.860000      -0.035556       0.000865
       7.880000      -0.037366       0.000867
       7.900000      -0.036122       0.000869
       7.920000      -0.035158       0.000872
       7.940000      -0.034710       0.000875
       7.960000      -0.034511       0.000877
       7.980000      -0.035097       0.000879
       8.000000      -0.033131       0.000882
       8.020000      -0.032698       0.000884
       8.040000      -0.032480       0.000885
       8.059999      -0.032631       0.000887
       8.080000      -0.033455       0.000889
       8.099999      -0.031361       0.000892
       8.120000      -0.031616       0.000893
       8.139999      -0.031272       0.000895
       8.160000      -0.031731       0.000896
       8.179999      -0.031776       0.000897
       8.200000      -0.032433       0.000899
       8.220000      -0.030750       0.000901
       8.240000      -0.029555       0.000903
       8.260000      -0.030471       0.000904
       8.280000      -0.029230       0.000906
       8.300000      -0.026047       0.000908
       8.320000      -0.030225       0.000907
       8.340000      -0.031778       0.000908
       8.360000      -0.030439       0.000911
       8.380000      -0.030139       0.000913
       8.400000      -0.027471       0.000916
       8.420000      -0.029424       0.000917
       8.440000      -0.030893       0.000917
       8.460000      -0.030181       0.000919
       8.480000      -0.030715       0.000921
       8.500000      -0.028757       0.000923
       8.520000      -0.027519       0.000926
       8.540000      -0.026056       0.000929
       8.559999      -0.027180       0.000930
       8.580000      -0.026954       0.000932
       8.599999      -0.025720       0.000933
       8.620000      -0.027196       0.000934
       8.639999      -0.026965       0.000936
       8.660000      -0.027581       0.000937
       8.679999      -0.027749       0.000939
       8.700000      -0.025504       0.000941
       8.720000      -0.024046       0.000942
       8.740000      -0.025911       0.000944
       8.760000      -0.021362       0.000947
       8.780000      -0.017031       0.000950
       8.800000      -0.005514       0.000957
       8.820000      -0.008713       0.000957
       8.840000      -0.023465       0.000952
       8.860000      -0.022851       0.000953
       8.880000      -0.023737       0.000954
       8.900000      -0.024234       0.000956
       8.920000      -0.023714       0.000958
       8.940000      -0.025645       0.000959
       8.960000      -0.024999       0.000961
       8.980000      -0.025299       0.000962
       9.000000      -0.022932       0.000964
       9.020000      -0.022547       0.000967
       9.040000      -0.023024       0.000969
       9.059999      -0.022015       0.000971
       9.080000      -0.020567       0.000974
       9.099999      -0.021356       0.000974
       9.120000      -0.022450       0.000975
       9.139999      -0.020389       0.000978
       9.160000      -0.021932       0.000979
       9.179999      -0.020666       0.000981
       9.200000      -0.020063       0.000982
       9.220000      -0.020742       0.000983
       9.240000      -0.021303       0.000983
       9.260000      -0.021332       0.000983
       9.280000      -0.014525       0.000987
       9.300000      -0.021020       0.000985
       9.320000      -0.024713       0.000986
       9.340000      -0.022957       0.000989
       9.360000      -0.020119       0.000993
       9.380000      -0.018008       0.000996
       9.400000      -0.020259       0.000997
       9.420000      -0.019530       0.000999
       9.440000      -0.017663       0.001000
       9.460000      -0.020357       0.001001
       9.480000      -0.018824       0.001002
       9.500000      -0.019344       0.001005
       9.520000      -0.019678       0.001006
       9.540000      -0.017578       0.001008
       9.559999      -0.017362       0.001009
       9.580000      -0.017530       0.001010
       9.599999      -0.019519       0.001011
       9.620000      -0.019377       0.001012
       9.639999      -0.018091       0.001014
       9.660000      -0.016858       0.001016
       9.679999      -0.016906       0.001018
       9.700000      -0.016164       0.001018
       9.719999      -0.012114       0.001021
       9.740000      -0.006137       0.001024
       9.760000      -0.016802       0.001020
       9.780000      -0.019207       0.001021
       9.800000      -0.020116       0.001023
       9.820000      -0.018386       0.001026
       9.840000      -0.016707       0.001028
       9.860000      -0.016481       0.001030
       9.880000      -0.015416       0.001033
       9.900000      -0.016250       0.001034
       9.920000      -0.016079       0.001036
       9.940000      -0.015891       0.001037
       9.960000      -0.014499       0.001039
       9.980000      -0.016640       0.001040
      10.000000      -0.018182       0.001040
      10.020000      -0.016685       0.001043
      10.040000      -0.014284       0.001045
      10.059999      -0.013552       0.001047
      10.080000      -0.013628       0.001049
      10.099999      -0.013128       0.001050
      10.120000      -0.014787       0.001049
      10.139999      -0.014860       0.001049
      10.160000      -0.011708       0.001051
      10.179999      -0.012487       0.001051
      10.200000      -0.019229       0.001050
      10.219999      -0.019173       0.001053
      10.240000      -0.017308       0.001056
      10.260000      -0.015787       0.001059
      10.280000      -0.014132       0.001062
      10.300000      -0.016899       0.001062
      10.320000      -0.015352       0.001064
      10.340000      -0.016302       0.001064
      10.360000      -0.015396       0.001066
      10.380000      -0.014539       0.001068
      10.400000      -0.014365       0.001070
      10.420000      -0.013264       0.001072
      10.440000      -0.011401       0.001075
      10.460000      -0.011975       0.001076
      10.480000      -0.012408       0.001078
      10.500000      -0.010937       0.001079
      10.520000      -0.012874       0.001079
      10.540000      -0.011083       0.001079
      10.559999      -0.005730       0.001082
      10.580000       0.004884       0.001088
      10.599999      -0.002091       0.001085
      10.620000      -0.014306       0.001081
      10.639999      -0.014993       0.001082
      10.660000      -0.015182       0.001085
      10.679999      -0.011459       0.001089
      10.700000      -0.013362       0.001091
      10.719999      -0.011772       0.001093
      10.740000      -0.012791       0.001094
      10.760000      -0.011437       0.001096
      10.780000      -0.013402       0.001096
      10.800000      -0.012445       0.001098
      10.820000      -0.013050       0.001099
      10.840000      -0.012782       0.001101
      10.860000      -0.012928       0.001103
      10.880000      -0.011575       0.001105
      10.900000      -0.012747       0.001106
      10.920000      -0.012764       0.001107
      10.940000      -0.010836       0.001109
      10.960000      -0.011811       0.001110
      10.980000      -0.010261       0.001112
      11.000000      -0.011674       0.001113
      11.020000      -0.011827       0.001114
      11.040000      -0.011902       0.001116
      11.059999      -0.009838       0.001118
      11.080000      -0.011144       0.001119
      11.099999      -0.011126       0.001121
      11.120000      -0.011337       0.001122
      11.139999      -0.009838       0.001124
      11.160000      -0.010285       0.001125
      11.179999      -0.011179       0.001125
      11.200000      -0.009967       0.001127
      11.219999      -0.011481       0.001128
      11.240000      -0.009792       0.001129
      11.259999      -0.010145       0.001131
      11.280000      -0.008406       0.001133
      11.300000      -0.008801       0.001134
      11.320000      -0.009030       0.001134
      11.340000      -0.009407       0.001134
      11.360000      -0.006750       0.001135
      11.380000      -0.008441       0.001134
      11.400000      -0.013599       0.001133
      11.420000      -0.013188       0.001135
      11.440000      -0.011693       0.001140
      11.460000      -0.007412       0.001145
      11.480000      -0.008360       0.001147
      11.500000      -0.008361       0.001148
      11.520000      -0.008606       0.001148
      11.540000      -0.009771       0.001148
      11.559999      -0.011134       0.001149
      11.580000      -0.009612       0.001152
      11.599999      -0.008882       0.001154
      11.620000      -0.008742       0.001156
      11.639999      -0.007342       0.001158
      11.660000      -0.008129       0.001159
      11.679999      -0.007420       0.001159
      11.700000      -0.006875       0.001161
      11.719999      -0.008199       0.001162
      11.740000      -0.006932       0.001165
      11.759999      -0.007509       0.001165
      11.780000      -0.007236       0.001166
      11.800000      -0.008774       0.001167
      11.820000      -0.007267       0.001168
      11.840000      -0.007586       0.001168
      11.860000      -0.009004       0.001170
      11.880000      -0.009611       0.001170
      11.900000      -0.007934       0.001172
      11.920000      -0.009779       0.001172
      11.940000      -0.010155       0.001172
      11.960000      -0.009244       0.001175
      11.980000      -0.008042       0.001177
      12.000000      -0.008195       0.001179
      12.020000      -0.007111       0.001182
      12.040000      -0.006445       0.001183
      12.059999      -0.006253       0.001184
      12.080000      -0.004165       0.001184
      12.099999      -0.002817       0.001185
      12.120000      -0.007966       0.001183
      12.139999      -0.010973       0.001182
      12.160000      -0.011720       0.001183
      12.179999      -0.007818       0.001188
      12.200000      -0.006314       0.001192
      12.219999      -0.004952       0.001194
      12.240000      -0.008125       0.001195
      12.259999      -0.006260       0.001196
      12.280000      -0.006807       0.001196
      12.300000      -0.007828       0.001197
      12.320000      -0.006151       0.001199
      12.340000      -0.005612       0.001201
      12.360000      -0.005340       0.001202
      12.380000      -0.007379       0.001202
      12.400000      -0.006144       0.001203
      12.420000      -0.006794       0.001204
      12.440000      -0.004812       0.001206
      12.460000      -0.003464       0.001208
      12.480000      -0.006447       0.001207
      12.500000      -0.007145       0.001208
      12.520000      -0.007473       0.001210
      12.540000      -0.007196       0.001211
      12.559999      -0.007263       0.001212
      12.580000      -0.004470       0.001215
      12.599999      -0.005668       0.001215
      12.620000      -0.004579       0.001217
      12.639999      -0.005405       0.001218
      12.660000      -0.005996       0.001219
      12.679999      -0.005407       0.001220
      12.700000      -0.005955       0.001221
      12.719999      -0.005674       0.001222
      12.740000      -0.006554       0.001222
      12.759999      -0.004541       0.001223
      12.780000      -0.002070       0.001225
      12.799999      -0.000425       0.001226
      12.820000      -0.005925       0.001225
      12.840000      -0.008179       0.001225
      12.860000      -0.006730       0.001227
      12.880000      -0.005835       0.001231
      12.900000      -0.004680       0.001233
      12.920000      -0.004716       0.001235
      12.940000      -0.005402       0.001235
      12.960000      -0.007015       0.001236
      12.980000      -0.006367       0.001237
      13.000000      -0.005237       0.001239
      13.020000      -0.006487       0.001240
      13.040000      -0.003126       0.001243
      13.059999      -0.003112       0.001244
      13.080000      -0.004682       0.001244
      13.099999      -0.004559       0.001244
      13.120000      -0.004414       0.001244
      13.139999      -0.004751       0.001245
      13.160000      -0.005455       0.001247
      13.179999      -0.004144       0.001250
      13.200000      -0.004776       0.001250
      13.219999      -0.003565       0.001252
      13.240000      -0.003754       0.001253
      13.259999      -0.004012       0.001255
      13.280000      -0.004234       0.001256
      13.299999      -0.003583       0.001258
      13.320000      -0.004005       0.001258
      13.340000      -0.002414       0.001260
      13.360000      -0.002352       0.001261
      13.380000      -0.002582       0.001261
      13.400000      -0.001350       0.001262
      13.420000      -0.002672       0.001263
      13.440000      -0.000882       0.001264
      13.460000      -0.001765       0.001264
      13.480000      -0.006955       0.001262
      13.500000      -0.005616       0.001264
      13.520000      -0.002847       0.001267
      13.540000      -0.002931       0.001269
      13.559999      -0.002435       0.001272
      13.580000      -0.003695       0.001273
      13.599999      -0.003066       0.001274
      13.620000      -0.002720       0.001275
      13.639999      -0.003147       0.001275
      13.660000      -0.004490       0.001275
      13.679999      -0.003123       0.001277
      13.700000      -0.002873       0.001280
      13.719999      -0.003303       0.001280
      13.740000      -0.003557       0.001281
      13.759999      -0.001707       0.001282
      13.780000      -0.001643       0.001282
      13.799999      -0.002666       0.001281
      13.820000      -0.003522       0.001283
      13.840000      -0.002975       0.001285
      13.860000      -0.002877       0.001286
      13.880000      -0.001482       0.001290
      13.900000      -0.001906       0.001291
      13.920000      -0.002092       0.001291
      13.940000      -0.001339       0.001293
      13.960000      -0.001977       0.001293
      13.980000      -0.001738       0.001295
      14.000000      -0.002180       0.001296
      14.020000      -0.001275       0.001297
      14.040000      -0.001261       0.001299
      14.059999      -0.001018       0.001299
      14.080000      -0.000309       0.001301
      14.099999      -0.001086       0.001301
      14.120000      -0.001758       0.001302
      14.139999      -0.002072       0.001304
      14.160000      -0.001228       0.001305
      14.179999      -0.000822       0.001306
      14.200000       0.001230       0.001308
      14.219999      -0.002239       0.001307
      14.240000      -0.003310       0.001308
      14.259999       0.000404       0.001312
      14.280000      -0.001124       0.001314
      14.299999      -0.000219       0.001315
      14.320000      -0.000529       0.001315
      14.340000      -0.001690       0.001314
      14.360000      -0.002191       0.001314
      14.380000      -0.002030       0.001315
      14.400000      -0.000643       0.001318
      14.420000      -0.000643       0.001319
      14.440000       0.000669       0.001322
      14.460000       0.003027       0.001325
      14.480000       0.001203       0.001324
      14.500000      -0.001227       0.001324
      14.520000      -0.001593       0.001324
      14.540000      -0.000061       0.001325
      14.559999      -0.001538       0.001325
      14.580000      -0.000736       0.001328
      14.599999       0.000094       0.001330
      14.620000       0.001760       0.001332
      14.639999       0.001503       0.001332
      14.660000       0.001232       0.001332
      14.679999       0.002921       0.001332
      14.700000      -0.001114       0.001331
      14.719999      -0.004167       0.001330
      14.740000      -0.005949       0.001332
      14.759999       0.000147       0.001337
      14.780000      -0.001126       0.001339
      14.799999      -0.000100       0.001341
      14.820000      -0.000633       0.001342
      14.839999       0.000998       0.001343
      14.860000      -0.000953       0.001343
      14.880000      -0.001715       0.001344
      14.900000      -0.002120       0.001345
      14.920000      -0.001189       0.001347
      14.940000       0.000698       0.001349
      14.960000       0.000633       0.001350
      14.980000       0.000468       0.001351
      15.000000       0.000324       0.001352
      15.020000       0.000986       0.001353
      15.040000       0.002128       0.001356
      15.059999      -0.000351       0.001355
      15.080000      -0.001716       0.001356
      15.099999       0.001190       0.001357
      15.120000      -0.000974       0.001358
      15.139999       0.000902       0.001360
      15.160000       0.002407       0.001363
      15.179999       0.000787       0.001365
      15.200000       0.003064       0.001368
      15.219999       0.002810       0.001367
      15.240000       0.002508       0.001366
      15.259999       0.002802       0.001367
      15.280000      -0.000157       0.001366
      15.299999      -0.001863       0.001367
      15.320000      -0.000719       0.001370
      15.339999      -0.000791       0.001371
      15.360000       0.001050       0.001374
      15.380000       0.002414       0.001375
      15.400000      -0.000391       0.001376
      15.420000       0.003862       0.001379
      15.440000       0.000827       0.001378
      15.460000       0.000877       0.001379
      15.480000       0.003331       0.001382
      15.500000       0.000754       0.001382
      15.520000       0.001139       0.001384
      15.540000       0.000214       0.001383
      15.559999       0.000091       0.001385
      15.580000       0.002033       0.001388
      15.599999       0.000027       0.001389
      15.620000       0.000566       0.001391
      15.639999       0.000123       0.001391
      15.660000       0.002112       0.001394
      15.679999       0.001663       0.001394
      15.700000       0.000880       0.001395
      15.719999      -0.000287       0.001395
      15.740000       0.003026       0.001399
      15.759999       0.002977       0.001400
      15.780000       0.002948       0.001402
      15.799999       0.002289       0.001402
      15.820000       0.000932       0.001401
      15.839999       0.001227       0.001403
      15.860000       0.001094       0.001403
      15.880000       0.001333       0.001405
      15.900000       0.002924       0.001408
      15.920000       0.001776       0.001409
      15.940000       0.001847       0.001411
      15.960000       0.003695       0.001413
      15.980000       0.002128       0.001414
      16.000000       0.003636       0.001416
      16.020000       0.004262       0.001418
      16.039999       0.003846       0.001419
      16.059999       0.002150       0.001418
      16.080000       0.002544       0.001420
      16.100000       0.002799       0.001422
      16.119999       0.002487       0.001423
      16.139999       0.003819       0.001424
      16.160000       0.003608       0.001425
      16.180000       0.002952       0.001426
      16.199999       0.003964       0.001428
      16.219999       0.003473       0.001429
      16.240000       0.003792       0.001430
      16.260000       0.003468       0.001432
      16.279999       0.001885       0.001431
      16.299999       0.002387       0.001433
      16.320000       0.004596       0.001434
      16.340000       0.003153       0.001433
      16.359999       0.004416       0.001435
      16.379999       0.003164       0.001436
      16.400000       0.002364       0.001437
      16.420000       0.002447       0.001439
      16.440001       0.003044       0.001441
      16.459999       0.004093       0.001442
      16.480000       0.004070       0.001445
      16.500000       0.004171       0.001444
      16.520000       0.001400       0.001444
      16.539999       0.001952       0.001445
      16.559999       0.002670       0.001447
      16.580000       0.001797       0.001448
      16.600000       0.002141       0.001450
      16.619999       0.001411       0.001450
      16.639999       0.003015       0.001452
      16.660000      -0.000202       0.001452
      16.680000       0.001052       0.001454
      16.699999       0.003416       0.001458
      16.719999       0.002979       0.001460
      16.740000       0.005301       0.001462
      16.760000       0.003114       0.001462
      16.779999       0.003428       0.001461
      16.799999       0.003222       0.001462
      16.820000       0.002092       0.001462
      16.840000       0.002423       0.001463
      16.859999       0.004298       0.001467
      16.879999       0.003791       0.001469
      16.900000       0.002904       0.001469
      16.920000       0.002176       0.001471
      16.940001       0.003111       0.001470
      16.959999       0.002721       0.001472
      16.980000       0.001618       0.001473
      17.000000       0.000754       0.001475
      17.020000       0.002611       0.001477
      17.039999       0.003451       0.001480
      17.059999       0.004345       0.001482
      17.080000       0.005717       0.001483
      17.100000       0.006183       0.001484
      17.119999       0.003125       0.001484
      17.139999       0.001687       0.001484
      17.160000       0.004185       0.001487
      17.180000       0.003765       0.001488
      17.199999       0.005412       0.001491
      17.219999       0.002230       0.001490
      17.240000       0.003211       0.001492
      17.260000       0.003639       0.001493
      17.279999       0.002031       0.001494
      17.299999       0.003905       0.001496
      17.320000       0.005518       0.001497
      17.340000       0.005975       0.001497
      17.359999       0.003758       0.001499
      17.379999       0.001814       0.001498
      17.400000       0.001566       0.001498
      17.420000       0.001677       0.001500
      17.440001       0.001244       0.001504
      17.459999       0.004166       0.001507
      17.480000       0.004482       0.001509
      17.500000       0.005296       0.001511
      17.520000       0.004642       0.001510
      17.539999       0.004194       0.001511
      17.559999       0.002271       0.001511
      17.580000       0.001039       0.001511
      17.600000       0.005661       0.001516
      17.619999       0.002514       0.001516
      17.639999       0.006127       0.001521
      17.660000       0.005994       0.001522
      17.680000       0.004745       0.001523
      17.699999       0.005483       0.001525
      17.719999       0.007469       0.001527
      17.740000       0.004188       0.001526
      17.760000       0.005455       0.001528
      17.779999       0.004700       0.001528
      17.799999       0.004274       0.001530
      17.820000       0.005245       0.001529
      17.840000       0.004428       0.001530
      17.859999       0.003582       0.001529
      17.879999      -0.000076       0.001528
      17.900000       0.002004       0.001531
      17.920000       0.000645       0.001533
      17.940001       0.005626       0.001538
      17.959999       0.002288       0.001539
      17.980000       0.004027       0.001541
      18.000000       0.005560       0.001544
      18.020000       0.005872       0.001546
      18.039999       0.004740       0.001547
      18.059999       0.006193       0.001549
      18.080000       0.004468       0.001549
      18.100000       0.005097       0.001550
      18.119999       0.006407       0.001552
      18.139999       0.006343       0.001554
      18.160000       0.005525       0.001554
      18.180000       0.005965       0.001556
      18.199999       0.002321       0.001555
      18.219999       0.005485       0.001557
      18.240000       0.007299       0.001561
      18.260000       0.006594       0.001561
      18.279999       0.005747       0.001563
      18.299999       0.007140       0.001565
      18.320000       0.005225       0.001565
      18.340000       0.002589       0.001563
      18.359999       0.005387       0.001565
      18.379999       0.006154       0.001567
      18.400000       0.004528       0.001568
      18.420000       0.004793       0.001570
      18.440001       0.002971       0.001570
      18.459999       0.005581       0.001574
      18.480000       0.003989       0.001574
      18.500000       0.003776       0.001576
      18.520000       0.004235       0.001576
      18.539999       0.004895       0.001578
      18.559999       0.004239       0.001579
      18.580000       0.004172       0.001581
      18.600000       0.004221       0.001582
      18.619999       0.004332       0.001584
      18.639999       0.005659       0.001587
      18.660000       0.008145       0.001589
      18.680000       0.004834       0.001589
      18.699999       0.006310       0.001590
      18.719999       0.006185       0.001592
      18.740000       0.008024       0.001594
      18.760000       0.006397       0.001594
      18.779999       0.004140       0.001594
      18.799999       0.006286       0.001596
      18.820000       0.005126       0.001598
      18.840000       0.006321       0.001602
      18.859999       0.008500       0.001605
      18.879999       0.006346       0.001603
      18.900000       0.006465       0.001604
      18.920000       0.005517       0.001606
      18.939999       0.004944       0.001605
      18.959999       0.004083       0.001606
      18.980000       0.006784       0.001610
      19.000000       0.008432       0.001613
      19.020000       0.008217       0.001614
      19.039999       0.006943       0.001615
      19.059999       0.006012       0.001615
      19.080000       0.004903       0.001614
      19.100000       0.005189       0.001614
      19.119999       0.005198       0.001616
      19.139999       0.005648       0.001618
      19.160000       0.004803       0.001621
      19.180000       0.005142       0.001624
      19.199999       0.005687       0.001626
      19.219999       0.009906       0.001628
      19.240000       0.009006       0.001628
      19.260000       0.005441       0.001627
      19.279999       0.006363       0.001627
      19.299999       0.006448       0.001628
      19.320000       0.005902       0.001631
      19.340000       0.006347       0.001634
      19.359999       0.007820       0.001637
      19.379999       0.007762       0.001638
      19.400000       0.005956       0.001638
      19.420000       0.006837       0.001639
      19.439999       0.004503       0.001637
      19.459999       0.005510       0.001639
      19.480000       0.005804       0.001641
      19.500000       0.005905       0.001642
      19.520000       0.006707       0.001645
      19.539999       0.007751       0.001647
      19.559999       0.009405       0.001651
      19.580000       0.009550       0.001653
      19.600000       0.007277       0.001654
      19.619999       0.006346       0.001654
      19.639999       0.006999       0.001655
      19.660000       0.006117       0.001653
      19.680000       0.002574       0.001652
      19.699999       0.004420       0.001654
      19.719999       0.006169       0.001657
      19.740000       0.005604       0.001658
      19.760000       0.005821       0.001658
      19.779999       0.004511       0.001659
      19.799999       0.005069       0.001661
      19.820000       0.004004       0.001663
      19.840000       0.007442       0.001669
      19.859999       0.009878       0.001674
      19.879999       0.008839       0.001675
      19.900000       0.009126       0.001674
      19.920000       0.007720       0.001673
      19.939999       0.002893       0.001669
      19.959999       0.002766       0.001667
      19.980000       0.001774       0.001668
      20.000000       0.003682       0.001673
      20.020000       0.006558       0.001679
      20.039999       0.007240       0.001683
      20.059999       0.006915       0.001686
      20.080000       0.009730       0.001689
      20.100000       0.009994       0.001689
      20.119999       0.008334       0.001688
      20.139999       0.009457       0.001690
      20.160000       0.008260       0.001692
      20.180000       0.006588       0.001692
      20.199999       0.007388       0.001693
      20.219999       0.005478       0.001692
      20.240000       0.006284       0.001694
      20.260000       0.006908       0.001696
      20.279999       0.007672       0.001699
      20.299999       0.007578       0.001702
      20.320000       0.006604       0.001701
      20.340000       0.006389       0.001700
      20.359999       0.004603       0.001698
      20.379999       0.003426       0.001697
      20.400000       0.003036       0.001699
      20.420000       0.003432       0.001703
      20.439999       0.006141       0.001709
      20.459999       0.008261       0.001714
      20.480000       0.008286       0.001715
      20.500000       0.009118       0.001714
      20.520000       0.008367       0.001714
      20.539999       0.007315       0.001714
      20.559999       0.004528       0.001715
      20.580000       0.004411       0.001718
      20.600000       0.006287       0.001720
      20.619999       0.005415       0.001721
      20.639999       0.005112       0.001722
      20.660000       0.005440       0.001723
      20.680000       0.005836       0.001724
      20.699999       0.007241       0.001728
      20.719999       0.009554       0.001732
      20.740000       0.007347       0.001732
      20.760000       0.005501       0.001731
      20.779999       0.007012       0.001732
      20.799999       0.005089       0.001732
      20.820000       0.005825       0.001734
      20.840000       0.006250       0.001737
      20.859999       0.006653       0.001739
      20.879999       0.007469       0.001740
      20.900000       0.005061       0.001741
      20.920000       0.004957       0.001741
      20.939999       0.007578       0.001743
      20.959999       0.006933       0.001745
      20.980000       0.003675       0.001745
      21.000000       0.007123       0.001749
      21.020000       0.007030       0.001750
      21.039999       0.006084       0.001749
      21.059999       0.006492       0.001751
      21.080000       0.007070       0.001753
      21.100000       0.006775       0.001755
      21.119999       0.007329       0.001758
      21.139999       0.006570       0.001760
      21.160000       0.009166       0.001762
      21.180000       0.008761       0.001761
      21.199999       0.007200       0.001761
      21.219999       0.003531       0.001760
      21.240000       0.006641       0.001763
      21.260000       0.007569       0.001765
      21.279999       0.005582       0.001765
      21.299999       0.003341       0.001762
      21.320000       0.004220       0.001763
      21.340000       0.004672       0.001765
      21.359999       0.005561       0.001769
      21.379999       0.006129       0.001774
      21.400000       0.006956       0.001776
      21.420000       0.009873       0.001779
      21.439999       0.005371       0.001775
      21.459999       0.005179       0.001775
      21.480000       0.006008       0.001777
      21.500000       0.005455       0.001779
      21.520000       0.007579       0.001783
      21.539999       0.008455       0.001786
      21.559999       0.006163       0.001785
      21.580000       0.004271       0.001784
      21.600000       0.004870       0.001785
      21.619999       0.006200       0.001786
      21.639999       0.006133       0.001788
      21.660000       0.006131       0.001791
      21.680000       0.005993       0.001794
      21.699999       0.006105       0.001794
      21.719999       0.003809       0.001794
      21.740000       0.004421       0.001795
      21.760000       0.005919       0.001797
      21.779999       0.004123       0.001797
      21.799999       0.005181       0.001799
      21.820000       0.008711       0.001803
      21.840000       0.008515       0.001803
      21.859999       0.007432       0.001802
      21.879999       0.002599       0.001798
      21.900000       0.000369       0.001799
      21.920000       0.003847       0.001804
      21.939999       0.007151       0.001809
      21.959999       0.007126       0.001813
      21.980000       0.005864       0.001815
      22.000000       0.007021       0.001817
      22.020000       0.006659       0.001817
      22.039999       0.005590       0.001818
      22.059999       0.007037       0.001820
      22.080000       0.007718       0.001821
      22.100000       0.005732       0.001822
      22.119999       0.005742       0.001823
      22.139999       0.006066       0.001824
      22.160000       0.005383       0.001823
      22.180000       0.005191       0.001824
      22.199999       0.006195       0.001828
      22.219999       0.006331       0.001830
      22.240000       0.006939       0.001831
      22.260000       0.004013       0.001831
      22.279999       0.003716       0.001831
      22.299999       0.003371       0.001831
      22.320000       0.005167       0.001834
      22.340000       0.005818       0.001836
      22.359999       0.005725       0.001839
      22.379999       0.006646       0.001842
      22.400000       0.003937       0.001842
      22.420000       0.005635       0.001844
      22.439999       0.005736       0.001845
      22.459999       0.006510       0.001847
      22.480000       0.006783       0.001848
      22.500000       0.005647       0.001849
      22.519999       0.004873       0.001850
      22.539999       0.004231       0.001850
      22.559999       0.006032       0.001853
      22.580000       0.008255       0.001855
      22.600000       0.007000       0.001857
      22.619999       0.008248       0.001860
      22.639999       0.008280       0.001861
      22.660000       0.005887       0.001859
      22.680000       0.006303       0.001860
      22.699999       0.004296       0.001860
      22.719999       0.006796       0.001863
      22.740000       0.004860       0.001863
      22.760000       0.002330       0.001863
      22.779999       0.003229       0.001864
      22.799999       0.001587       0.001864
      22.820000       0.004090       0.001865
      22.840000       0.002213       0.001868
      22.859999       0.004613       0.001871
      22.879999       0.004539       0.001875
      22.900000       0.006258       0.001877
      22.920000       0.006892       0.001877
      22.939999       0.004744       0.001875
      22.959999       0.002751       0.001874
      22.980000       0.003313       0.001876
      23.000000       0.004055       0.001878
      23.019999       0.003823       0.001882
      23.039999       0.006602       0.001885
      23.059999       0.006682       0.001887
      23.080000       0.006870       0.001888
      23.100000       0.005665       0.001890
      23.119999       0.006166       0.001890
      23.139999       0.008377       0.001894
      23.160000       0.008108       0.001897
      23.180000       0.007528       0.001896
      23.199999       0.005688       0.001895
      23.219999       0.004305       0.001895
      23.240000       0.004281       0.001893
      23.260000       0.001308       0.001893
      23.279999       0.000070       0.001894
      23.299999       0.003306       0.001898
      23.320000       0.005988       0.001904
      23.340000       0.006730       0.001907
      23.359999       0.006469       0.001910
      23.379999       0.006931       0.001913
      23.400000       0.009239       0.001916
      23.420000       0.008309       0.001916
      23.439999       0.005852       0.001915
      23.459999       0.007588       0.001915
      23.480000       0.004762       0.001913
      23.500000       0.004525       0.001914
      23.519999       0.003614       0.001916
      23.539999       0.004418       0.001917
      23.559999       0.004399       0.001919
      23.580000       0.004813       0.001923
      23.600000       0.005224       0.001924
      23.619999       0.004278       0.001925
      23.639999       0.002406       0.001925
      23.660000       0.004555       0.001928
      23.680000       0.005583       0.001930
      23.699999       0.007172       0.001932
      23.719999       0.004937       0.001928
      23.740000       0.004788       0.001928
      23.760000       0.003514       0.001929
      23.779999       0.001635       0.001930
      23.799999       0.005993       0.001936
      23.820000       0.007099       0.001939
      23.840000       0.005583       0.001942
      23.859999       0.006750       0.001944
      23.879999       0.002351       0.001940
      23.900000       0.003345       0.001942
      23.920000       0.005181       0.001945
      23.939999       0.003608       0.001946
      23.959999       0.009073       0.001952
      23.980000       0.006705       0.001954
      24.000000       0.009030       0.001955
      24.019999       0.003627       0.001951
      24.039999       0.006350       0.001953
      24.059999       0.001805       0.001951
      24.080000       0.003594       0.001955
      24.100000       0.009374       0.001962
      24.119999       0.006527       0.001963
      24.139999       0.005902       0.001961
      24.160000       0.004550       0.001959
      24.180000       0.003647       0.001960
      24.199999       0.003760       0.001962
      24.219999       0.001886       0.001963
      24.240000       0.004866       0.001968
      24.260000       0.003268       0.001971
      24.279999       0.006879       0.001973
      24.299999       0.002699       0.001970
      24.320000       0.004513       0.001970
      24.340000       0.001991       0.001968
      24.359999       0.002930       0.001970
      24.379999       0.005376       0.001978
      24.400000       0.007362       0.001981
      24.420000       0.004545       0.001982
      24.439999       0.005780       0.001985
      24.459999       0.004300       0.001985
      24.480000       0.004320       0.001983
      24.500000       0.003117       0.001984
      24.519999      -0.000253       0.001983
      24.539999       0.004484       0.001989
      24.559999       0.006012       0.001992
      24.580000       0.003390       0.001992
      24.600000       0.003635       0.001993
      24.619999       0.002814       0.001992
      24.639999       0.004120       0.001991
      24.660000      -0.000337       0.001991
      24.680000       0.001215       0.001994
      24.699999       0.001706       0.001997
      24.719999       0.004306       0.002000
      24.740000       0.005027       0.002005
      24.760000       0.007511       0.002011
      24.779999       0.003601       0.002010
      24.799999       0.004794       0.002013
      24.820000       0.004912       0.002013
      24.840000       0.009587       0.002019
      24.859999       0.006531       0.002018
      24.879999       0.001875       0.002015
      24.900000       0.002956       0.002014
      24.920000       0.003884       0.002013
      24.939999       0.004916       0.002014
      24.959999       0.001888       0.002017
      24.980000       0.002082       0.002019
      25.000000       0.008075       0.002026
      25.019999       0.004304       0.002027
      25.039999       0.004886       0.002027
      25.059999       0.005967       0.002026
      25.080000       0.001590       0.002023
      25.100000       0.000732       0.002020
      25.119999       0.002235       0.002025
      25.139999      -0.001114       0.002025
      25.160000      -0.001250       0.002028
      25.180000       0.003597       0.002033
      25.199999       0.001972       0.002033
      25.219999       0.002133       0.002036
      25.240000       0.001206       0.002038
      25.260000       0.003046       0.002041
      25.279999       0.003722       0.002042
      25.299999       0.006086       0.002042
      25.320000       0.005844       0.002045
      25.340000       0.001340       0.002044
      25.359999       0.002761       0.002046
      25.379999       0.002995       0.002049
      25.400000       0.003945       0.002052
      25.420000       0.005911       0.002054
      25.439999       0.000820       0.002050
      25.459999       0.004792       0.002052
      25.480000       0.000166       0.002048
      25.500000       0.002734       0.002050
      25.519999       0.001260       0.002054
      25.539999       0.002819       0.002059
      25.559999       0.001816       0.002061
      25.580000       0.003880       0.002064
      25.599998       0.003775       0.002064
      25.619999      -0.000057       0.002061
      25.639999       0.004202       0.002065
      25.660000       0.000995       0.002065
      25.680000       0.002191       0.002069
      25.699999       0.004037       0.002073
      25.719999      -0.000972       0.002069
      25.740000       0.002967       0.002072
      25.760000       0.003189       0.002073
      25.779999       0.000116       0.002072
      25.799999       0.000856       0.002075
      25.820000       0.001990       0.002079
      25.840000       0.004369       0.002083
      25.859999       0.001108       0.002083
      25.879999       0.002182       0.002085
      25.900000       0.002915       0.002089
      25.920000       0.003071       0.002090
      25.939999       0.006643       0.002093
      25.959999       0.004955       0.002093
      25.980000       0.004491       0.002094
      26.000000       0.002181       0.002093
      26.019999       0.002111       0.002094
      26.039999       0.002499       0.002097
      26.059999       0.004207       0.002102
      26.080000       0.001891       0.002101
      26.099998       0.004427       0.002103
      26.119999       0.004631       0.002104
      26.139999       0.002221       0.002102
      26.160000       0.002325       0.002103
      26.180000       0.001379       0.002105
      26.199999       0.002038       0.002108
      26.219999       0.004042       0.002111
      26.240000       0.005044       0.002112
      26.260000       0.002537       0.002110
      26.279999      -0.001924       0.002107
      26.299999       0.002909       0.002112
      26.320000       0.003713       0.002116
      26.340000       0.002644       0.002121
      26.359999       0.004079       0.002125
      26.379999       0.003055       0.002127
      26.400000       0.004104       0.002128
      26.420000       0.003020       0.002127
      26.439999       0.002941       0.002129
      26.459999       0.003246       0.002131
      26.480000       0.002558       0.002134
      26.500000       0.004818       0.002137
      26.519999       0.005914       0.002138
      26.539999       0.000579       0.002132
      26.559999      -0.000029       0.002129
      26.580000       0.000306       0.002130
      26.599998      -0.000176       0.002132
      26.619999       0.001556       0.002140
      26.639999       0.004486       0.002146
      26.660000       0.003576       0.002149
      26.680000       0.006384       0.002148
      26.699999       0.001007       0.002147
      26.719999       0.000010       0.002146
      26.740000       0.001610       0.002147
      26.760000       0.004617       0.002151
      26.779999       0.001343       0.002152
      26.799999       0.003156       0.002156
      26.820000      -0.000684       0.002151
      26.840000       0.000317       0.002153
      26.859999       0.001832       0.002156
      26.879999       0.004234       0.002159
      26.900000       0.002603       0.002162
      26.920000       0.000933       0.002162
      26.939999       0.002805       0.002166
      26.959999       0.001709       0.002168
      26.980000       0.000010       0.002164
      27.000000      -0.003058       0.002162
      27.019999      -0.001970       0.002166
      27.039999       0.001290       0.002168
      27.059999       0.003010       0.002172
      27.080000      -0.000686       0.002171
      27.099998      -0.000264       0.002172
      27.119999      -0.000212       0.002174
      27.139999      -0.000013       0.002175
      27.160000      -0.002319       0.002178
      27.180000      -0.000017       0.002185
      27.199999      -0.001535       0.002186
      27.219999       0.000766       0.002189
      27.240000       0.002022       0.002189
      27.260000       0.003679       0.002189
      27.279999      -0.002570       0.002185
      27.299999      -0.004003       0.002184
      27.320000      -0.002422       0.002185
      27.340000      -0.002792       0.002189
      27.359999      -0.000074       0.002192
      27.379999      -0.003274       0.002193
      27.400000       0.000187       0.002196
      27.420000       0.002925       0.002202
      27.439999       0.001182       0.002201
      27.459999       0.000245       0.002201
      27.480000       0.000151       0.002202
      27.500000      -0.000857       0.002205
      27.519999       0.001434       0.002208
      27.539999       0.002279       0.002210
      27.559999       0.003039       0.002214
      27.580000       0.002976       0.002218
      27.599998       0.004497       0.002219
      27.619999       0.003953       0.002220
      27.639999      -0.000870       0.002218
      27.660000       0.000656       0.002221
      27.680000       0.001326       0.002223
      27.699999       0.002218       0.002223
      27.719999       0.001926       0.002223
      27.740000       0.002679       0.002222
      27.760000       0.000213       0.002222
      27.779999      -0.002602       0.002221
      27.799999       0.000070       0.002226
      27.820000      -0.001085       0.002228
      27.840000       0.000011       0.002234
      27.859999       0.000073       0.002236
      27.879999       0.000805       0.002236
      27.900000       0.001479       0.002238
      27.920000       0.001197       0.002242
      27.939999       0.001163       0.002242
      27.959999       0.001435       0.002242
      27.980000      -0.001961       0.002240
      28.000000      -0.002670       0.002239
      28.019999      -0.000124       0.002241
      28.039999       0.001028       0.002246
      28.059999       0.000721       0.002249
      28.080000      -0.001101       0.002252
      28.099998      -0.000669       0.002254
      28.119999       0.000381       0.002257
      28.139999       0.001852       0.002258
      28.160000       0.001208       0.002259
      28.180000       0.000988       0.002260
      28.199999      -0.001673       0.002258
      28.219999       0.001268       0.002264
      28.240000      -0.003507       0.002260
      28.260000      -0.002798       0.002261
      28.279999      -0.000803       0.002259
      28.299999       0.001360       0.002262
      28.320000      -0.004500       0.002259
      28.340000      -0.003366       0.002265
      28.359999      -0.003365       0.002270
      28.379999       0.002452       0.002278
      28.400000       0.003154       0.002282
      28.420000       0.001450       0.002283
      28.439999      -0.001114       0.002281
      28.459999       0.001193       0.002284
      28.480000       0.002320       0.002286
      28.500000       0.003020       0.002288
      28.519999       0.000537       0.002287
      28.539999      -0.001475       0.002286
      28.559999      -0.003690       0.002286
      28.580000      -0.004718       0.002286
      28.599998      -0.003386       0.002288
      28.619999      -0.000841       0.002293
      28.639999       0.000417       0.002298
      28.660000      -0.001109       0.002299
      28.680000      -0.001621       0.002302
      28.699999       0.001742       0.002305
      28.719999       0.000878       0.002306
      28.740000      -0.001890       0.002308
      28.760000      -0.001124       0.002309
      28.779999      -0.000299       0.002311
      28.799999      -0.002667       0.002311
      28.820000      -0.000234       0.002311
      28.840000      -0.000573       0.002312
      28.859999      -0.001754       0.002311
      28.879999      -0.001384       0.002314
      28.900000      -0.000150       0.002319
      28.920000      -0.000401       0.002324
      28.939999       0.001670       0.002328
      28.959999       0.003775       0.002331
      28.980000       0.004815       0.002332
      29.000000       0.001643       0.002329
      29.019999      -0.002511       0.002327
      29.039999      -0.002501       0.002328
      29.059999      -0.003051       0.002328
      29.080000      -0.001747       0.002328
      29.099998      -0.001680       0.002328
      29.119999      -0.003427       0.002327
      29.139999      -0.007498       0.002327
      29.160000      -0.005174       0.002331
      29.179998       0.000901       0.002337
      29.199999      -0.000316       0.002340
      29.219999      -0.001292       0.002340
      29.240000      -0.005262       0.002339
      29.260000       0.000721       0.002346
      29.279999      -0.001492       0.002347
      29.299999      -0.001079       0.002350
      29.320000       0.001115       0.002355
      29.340000       0.003573       0.002358
      29.359999       0.003345       0.002358
      29.379999      -0.002214       0.002353
      29.400000      -0.003985       0.002352
      29.420000      -0.003670       0.002353
      29.439999      -0.006487       0.002349
      29.459999      -0.003065       0.002356
      29.480000       0.001001       0.002367
      29.500000       0.003184       0.002374
      29.519999       0.003943       0.002377
      29.539999      -0.000321       0.002376
      29.559999      -0.001824       0.002376
      29.580000      -0.000231       0.002377
      29.599998      -0.002259       0.002375
      29.619999      -0.002294       0.002373
      29.639999       0.000967       0.002377
      29.660000       0.001865       0.002380
      29.679998      -0.001918       0.002379
      29.699999       0.002851       0.002383
      29.719999       0.001609       0.002383
      29.740000      -0.000942       0.002386
      29.760000      -0.002548       0.002386
      29.779999      -0.003065       0.002384
      29.799999      -0.003681       0.002386
      29.820000      -0.002311       0.002389
      29.840000      -0.003938       0.002392
      29.859999      -0.000823       0.002398
      29.879999       0.001354       0.002401
      29.900000       0.004314       0.002410
      29.920000       0.000236       0.002407
      29.939999       0.000484       0.002405
      29.959999      -0.002148       0.002400
      29.980000      -0.004902       0.002399
      30.000000      -0.002950       0.002403
      30.019999      -0.000962       0.002407
      30.039999      -0.002948       0.002407
      30.059999      -0.001841       0.002410
      30.080000      -0.005077       0.002407
      30.099998      -0.003885       0.002407
      30.119999      -0.003533       0.002409
      30.139999      -0.002245       0.002412
      30.160000      -0.004688       0.002416
      30.179998      -0.000757       0.002423
      30.199999      -0.002256       0.002427
      30.219999       0.002367       0.002428
      30.240000      -0.000676       0.002427
      30.260000      -0.001452       0.002426
      30.279999      -0.003155       0.002425
      30.299999      -0.000986       0.002426
      30.320000      -0.001266       0.002429
      30.340000      -0.004493       0.002432
      30.359999      -0.006291       0.002433
      30.379999      -0.000936       0.002437
      30.400000      -0.002797       0.002439
      30.420000      -0.002369       0.002440
      30.439999      -0.002825       0.002442
      30.459999       0.001527       0.002447
      30.480000      -0.002883       0.002448
      30.500000      -0.003425       0.002448
      30.519999      -0.006396       0.002443
      30.539999      -0.001478       0.002445
      30.559999      -0.001845       0.002446
      30.580000      -0.007058       0.002443
      30.599998      -0.003989       0.002447
      30.619999       0.000015       0.002457
      30.639999      -0.005368       0.002454
      30.660000      -0.005122       0.002458
      30.679998      -0.001612       0.002467
      30.699999      -0.002405       0.002468
      30.719999       0.000914       0.002473
      30.740000       0.002046       0.002477
      30.760000       0.000704       0.002478
      30.779999       0.001398       0.002477
      30.799999       0.001374       0.002476
      30.820000      -0.003858       0.002471
      30.840000      -0.006481       0.002469
      30.859999      -0.006806       0.002471
      30.879999      -0.003830       0.002473
      30.900000      -0.000381       0.002479
      30.920000      -0.000779       0.002483
      30.939999      -0.001489       0.002487
      30.959999      -0.000738       0.002490
      30.980000       0.004628       0.002494
      31.000000       0.000809       0.002492
      31.019999      -0.002289       0.002491
      31.039999      -0.003029       0.002491
      31.059999      -0.003475       0.002491
      31.080000      -0.002900       0.002491
      31.099998      -0.001209       0.002499
      31.119999      -0.001966       0.002499
      31.139999      -0.004965       0.002495
      31.160000      -0.000911       0.002500
      31.179998      -0.002349       0.002501
      31.199999      -0.001839       0.002504
      31.219999      -0.003287       0.002504
      31.240000      -0.001754       0.002509
      31.260000      -0.001348       0.002515
      31.279999      -0.002191       0.002515
      31.299999      -0.002949       0.002516
      31.320000      -0.000135       0.002519
      31.340000      -0.002732       0.002515
      31.359999      -0.003565       0.002518
      31.379999       0.001802       0.002525
      31.400000      -0.000020       0.002527
