#       1571
#     file:    SofQ/NOM_9999_SiO2_glass_SQ.dat
#     created: Mon Jul 25 14:48:59 2016
#     Comment: neutron, Qmax=31.414, Qdamp=0.017659, Qbroad= 0.0191822
#     
       0.000000      -0.583653       0.000000
       0.020000      -0.583653       0.000000
       0.040000      -0.583653       0.000000
       0.060000      -0.583653       0.000000
       0.080000      -0.583653       0.000000
       0.100000      -0.583653       0.000000
       0.120000      -0.583653       0.000000
       0.140000      -0.583653       0.000000
       0.160000      -0.583652       0.018545
       0.180000      -0.583652       0.007836
       0.200000      -0.583652       0.007280
       0.220000      -0.583652       0.005301
       0.240000      -0.583651       0.004008
       0.260000      -0.583651       0.003198
       0.280000      -0.583651       0.002698
       0.300000      -0.583650       0.002378
       0.320000      -0.583650       0.002152
       0.340000      -0.583650       0.002002
       0.360000      -0.583649       0.001903
       0.380000      -0.583649       0.001862
       0.400000      -0.583648       0.001864
       0.420000      -0.583648       0.001888
       0.440000      -0.583647       0.001939
       0.460000      -0.583646       0.001993
       0.480000      -0.583646       0.002038
       0.500000      -0.583645       0.002056
       0.520000      -0.626437       0.002046
       0.540000      -0.610956       0.002020
       0.560000      -0.604704       0.001984
       0.580000      -0.593748       0.001948
       0.600000      -0.582908       0.001909
       0.620000      -0.572680       0.001879
       0.640000      -0.561640       0.001844
       0.660000      -0.553391       0.001812
       0.680000      -0.542315       0.001789
       0.700000      -0.534074       0.001773
       0.720000      -0.528440       0.001768
       0.740000      -0.520088       0.001774
       0.760000      -0.511370       0.001798
       0.780000      -0.502925       0.001830
       0.800000      -0.490541       0.001871
       0.820000      -0.483907       0.001913
       0.840000      -0.475081       0.001954
       0.860000      -0.463171       0.002001
       0.880000      -0.454574       0.002046
       0.900000      -0.442390       0.002092
       0.920000      -0.434025       0.002144
       0.940000      -0.420121       0.002203
       0.960000      -0.400231       0.002261
       0.980000      -0.387370       0.002316
       1.000000      -0.366221       0.002370
       1.020000      -0.343545       0.002404
       1.040000      -0.313797       0.002413
       1.060000      -0.291330       0.002400
       1.080000      -0.260871       0.002364
       1.100000      -0.233400       0.002316
       1.120000      -0.205951       0.002268
       1.140000      -0.171808       0.002230
       1.160000      -0.136029       0.002197
       1.180000      -0.096174       0.002165
       1.200000      -0.051315       0.002138
       1.220000      -0.008479       0.002113
       1.240000       0.039888       0.002092
       1.260000       0.092543       0.002079
       1.280000       0.149671       0.002071
       1.300000       0.207410       0.002066
       1.320000       0.270697       0.002063
       1.340000       0.331092       0.002058
       1.360000       0.387312       0.002052
       1.380000       0.443950       0.002048
       1.400000       0.499779       0.002046
       1.420000       0.542202       0.002041
       1.440000       0.581437       0.002036
       1.460000       0.611057       0.002030
       1.480000       0.627029       0.002022
       1.500000       0.635090       0.002017
       1.520000       0.632229       0.002013
       1.540000       0.612409       0.002007
       1.560000       0.588154       0.002005
       1.580000       0.559324       0.002007
       1.600000       0.524998       0.002007
       1.620000       0.488840       0.002008
       1.640000       0.444895       0.002006
       1.660000       0.397839       0.002002
       1.680000       0.350430       0.001996
       1.700000       0.301820       0.001981
       1.720000       0.255172       0.001965
       1.740000       0.209626       0.001945
       1.760000       0.166668       0.001926
       1.780000       0.126490       0.001910
       1.800000       0.088905       0.001894
       1.820000       0.053309       0.001879
       1.840000       0.018260       0.001867
       1.860000      -0.010997       0.001857
       1.880000      -0.041959       0.001846
       1.900000      -0.071841       0.001835
       1.920000      -0.099594       0.001824
       1.940000      -0.122775       0.001816
       1.960000      -0.141046       0.001809
       1.980000      -0.158638       0.001801
       2.000000      -0.178479       0.001791
       2.020000      -0.198410       0.001778
       2.040000      -0.216356       0.001761
       2.060000      -0.231132       0.001745
       2.080000      -0.244103       0.001728
       2.100000      -0.256071       0.001708
       2.120000      -0.271304       0.001678
       2.140000      -0.279100       0.001654
       2.160000      -0.291201       0.001627
       2.180000      -0.301199       0.001602
       2.200000      -0.311386       0.001574
       2.220000      -0.320368       0.001549
       2.240000      -0.325333       0.001531
       2.260000      -0.329117       0.001514
       2.280000      -0.342564       0.001488
       2.300000      -0.346993       0.001467
       2.320000      -0.348643       0.001448
       2.340000      -0.361089       0.001422
       2.360000      -0.365317       0.001405
       2.380000      -0.365386       0.001390
       2.400000      -0.373176       0.001369
       2.420000      -0.374086       0.001356
       2.440000      -0.373262       0.001344
       2.460000      -0.378304       0.001327
       2.480000      -0.376201       0.001317
       2.500000      -0.373442       0.001304
       2.520000      -0.369680       0.001295
       2.540000      -0.358111       0.001291
       2.560000      -0.346153       0.001285
       2.580000      -0.329039       0.001285
       2.600000      -0.311130       0.001282
       2.620000      -0.280645       0.001285
       2.640000      -0.248172       0.001290
       2.660000      -0.208948       0.001298
       2.680000      -0.159472       0.001312
       2.700000      -0.111194       0.001323
       2.720000      -0.051112       0.001341
       2.740000       0.004845       0.001354
       2.760000       0.069285       0.001372
       2.780000       0.121422       0.001384
       2.800000       0.178208       0.001399
       2.820000       0.222880       0.001408
       2.840000       0.257104       0.001412
       2.860000       0.289556       0.001419
       2.880000       0.306600       0.001421
       2.900000       0.323379       0.001427
       2.920000       0.322309       0.001432
       2.940000       0.326930       0.001437
       2.960000       0.332877       0.001430
       2.980000       0.328107       0.001416
       3.000000       0.317513       0.001409
       3.020000       0.296360       0.001396
       3.040000       0.278140       0.001388
       3.060000       0.262029       0.001383
       3.080000       0.239934       0.001376
       3.100000       0.220050       0.001371
       3.120000       0.197783       0.001367
       3.140000       0.177266       0.001366
       3.160000       0.161772       0.001365
       3.180000       0.139808       0.001363
       3.200000       0.124251       0.001362
       3.220000       0.108594       0.001362
       3.240000       0.094237       0.001362
       3.260000       0.076979       0.001352
       3.280000       0.068793       0.001346
       3.300000       0.058552       0.001339
       3.320000       0.045354       0.001327
       3.340000       0.030955       0.001318
       3.360000       0.024906       0.001311
       3.380000       0.016170       0.001304
       3.400000       0.009878       0.001297
       3.420000       0.002013       0.001288
       3.440000      -0.003714       0.001280
       3.460000      -0.008762       0.001273
       3.480000      -0.016539       0.001264
       3.500000      -0.023109       0.001256
       3.520000      -0.026336       0.001251
       3.540000      -0.030089       0.001245
       3.560000      -0.035306       0.001238
       3.580000      -0.038153       0.001231
       3.600000      -0.045381       0.001223
       3.620000      -0.049450       0.001215
       3.640000      -0.049459       0.001209
       3.660000      -0.050369       0.001204
       3.680000      -0.051223       0.001199
       3.700000      -0.055113       0.001192
       3.720000      -0.053681       0.001186
       3.740000      -0.054594       0.001181
       3.760000      -0.055196       0.001176
       3.780000      -0.054260       0.001170
       3.800000      -0.056095       0.001164
       3.820000      -0.054738       0.001160
       3.840000      -0.052707       0.001154
       3.860000      -0.052966       0.001149
       3.880000      -0.050502       0.001144
       3.900000      -0.050077       0.001139
       3.920000      -0.044047       0.001135
       3.940000      -0.041306       0.001132
       3.960000      -0.039994       0.001127
       3.980000      -0.038439       0.001123
       4.000000      -0.036267       0.001120
       4.020000      -0.032839       0.001117
       4.040000      -0.026719       0.001118
       4.060000      -0.022473       0.001119
       4.080000      -0.017194       0.001123
       4.100000      -0.014489       0.001123
       4.120000      -0.014725       0.001120
       4.140000      -0.012230       0.001119
       4.160000      -0.003989       0.001115
       4.180000       0.005825       0.001106
       4.200000       0.015146       0.001095
       4.220000       0.022400       0.001076
       4.240000       0.034554       0.001055
       4.260000       0.040414       0.001028
       4.280000       0.047381       0.001001
       4.300000       0.059525       0.000982
       4.320000       0.069409       0.000971
       4.340000       0.063357       0.000959
       4.360000       0.065167       0.000956
       4.380000       0.074462       0.000960
       4.400000       0.087085       0.000966
       4.420000       0.093493       0.000969
       4.440000       0.099499       0.000971
       4.460000       0.106139       0.000972
       4.480000       0.109562       0.000973
       4.500000       0.117493       0.000977
       4.520000       0.128332       0.000983
       4.540000       0.138841       0.000988
       4.560000       0.146897       0.000992
       4.580000       0.153353       0.000995
       4.600000       0.160470       0.000998
       4.620000       0.171661       0.001003
       4.640000       0.181300       0.001008
       4.660000       0.194359       0.001015
       4.680000       0.205241       0.001020
       4.700000       0.217917       0.001025
       4.720000       0.229721       0.001030
       4.740000       0.243278       0.001036
       4.760000       0.259443       0.001042
       4.780000       0.275601       0.001049
       4.800000       0.294606       0.001056
       4.820000       0.313293       0.001065
       4.840000       0.332152       0.001072
       4.860000       0.353123       0.001080
       4.880000       0.376359       0.001089
       4.900000       0.397932       0.001098
       4.920000       0.425292       0.001109
       4.940000       0.452188       0.001119
       4.960000       0.476522       0.001129
       4.980000       0.506864       0.001141
       5.000000       0.537156       0.001152
       5.020000       0.564708       0.001164
       5.040000       0.592034       0.001177
       5.060000       0.617066       0.001193
       5.080000       0.644957       0.001214
       5.100000       0.674014       0.001219
       5.120000       0.704410       0.001224
       5.140000       0.738090       0.001235
       5.160000       0.762218       0.001246
       5.180000       0.782990       0.001256
       5.200000       0.799120       0.001264
       5.220000       0.809902       0.001270
       5.240000       0.818196       0.001276
       5.260000       0.816627       0.001280
       5.280000       0.815188       0.001283
       5.300000       0.806645       0.001285
       5.320000       0.795046       0.001287
       5.340000       0.778554       0.001286
       5.360000       0.754626       0.001284
       5.380000       0.728569       0.001281
       5.400000       0.695739       0.001275
       5.420000       0.664314       0.001270
       5.440000       0.633134       0.001266
       5.460000       0.595852       0.001260
       5.480000       0.557150       0.001254
       5.500000       0.520601       0.001247
       5.520000       0.482167       0.001239
       5.540000       0.442159       0.001232
       5.560000       0.404958       0.001224
       5.580000       0.367728       0.001217
       5.600000       0.332355       0.001210
       5.620000       0.298980       0.001205
       5.640000       0.265160       0.001199
       5.660000       0.234840       0.001194
       5.680000       0.203974       0.001189
       5.700000       0.178118       0.001185
       5.720000       0.152701       0.001181
       5.740000       0.127742       0.001177
       5.760000       0.102197       0.001172
       5.780000       0.079964       0.001170
       5.800000       0.060226       0.001167
       5.820000       0.038951       0.001164
       5.840000       0.023424       0.001164
       5.860000       0.008587       0.001164
       5.880000      -0.008037       0.001163
       5.900000      -0.020405       0.001160
       5.920000      -0.032421       0.001159
       5.940000      -0.044570       0.001158
       5.960000      -0.056617       0.001159
       5.980000      -0.068165       0.001158
       6.000000      -0.077770       0.001158
       6.020000      -0.083693       0.001160
       6.040000      -0.091862       0.001162
       6.060000      -0.098940       0.001163
       6.080000      -0.107032       0.001165
       6.100000      -0.113019       0.001168
       6.120000      -0.117504       0.001170
       6.140000      -0.123586       0.001171
       6.160000      -0.128614       0.001174
       6.180000      -0.130841       0.001175
       6.200000      -0.134647       0.001177
       6.220000      -0.142414       0.001179
       6.240000      -0.144408       0.001181
       6.260000      -0.148364       0.001182
       6.280000      -0.152347       0.001184
       6.300000      -0.154676       0.001187
       6.320000      -0.159336       0.001188
       6.340000      -0.159938       0.001192
       6.360000      -0.163393       0.001194
       6.380000      -0.164153       0.001196
       6.400000      -0.166209       0.001199
       6.420000      -0.166688       0.001202
       6.440000      -0.171538       0.001204
       6.460000      -0.170446       0.001206
       6.480000      -0.173793       0.001210
       6.500000      -0.175270       0.001213
       6.520000      -0.178237       0.001216
       6.540000      -0.181767       0.001222
       6.560000      -0.184111       0.001229
       6.580000      -0.184705       0.001227
       6.600000      -0.185062       0.001226
       6.620000      -0.183235       0.001230
       6.640000      -0.181257       0.001235
       6.660000      -0.182448       0.001240
       6.680000      -0.182480       0.001244
       6.700000      -0.181161       0.001248
       6.720000      -0.181783       0.001252
       6.740000      -0.184519       0.001255
       6.760000      -0.182427       0.001260
       6.780000      -0.181756       0.001266
       6.800000      -0.182382       0.001270
       6.820000      -0.181599       0.001275
       6.840000      -0.179339       0.001280
       6.860000      -0.176884       0.001286
       6.880000      -0.176051       0.001289
       6.900000      -0.172467       0.001294
       6.920000      -0.173702       0.001296
       6.940000      -0.174532       0.001299
       6.960000      -0.167094       0.001307
       6.980000      -0.165984       0.001311
       7.000000      -0.159762       0.001317
       7.020000      -0.156292       0.001321
       7.040000      -0.153990       0.001326
       7.060000      -0.148522       0.001333
       7.080000      -0.147904       0.001336
       7.100000      -0.139903       0.001343
       7.120000      -0.133185       0.001350
       7.140000      -0.127055       0.001356
       7.160000      -0.122206       0.001363
       7.180000      -0.116726       0.001370
       7.200000      -0.107646       0.001378
       7.220000      -0.097561       0.001383
       7.240000      -0.087539       0.001390
       7.260000      -0.080939       0.001396
       7.280000      -0.070605       0.001404
       7.300000      -0.058930       0.001413
       7.320000      -0.045225       0.001421
       7.340000      -0.036991       0.001429
       7.360000      -0.024274       0.001438
       7.380000      -0.011271       0.001446
       7.400000       0.000046       0.001456
       7.420000       0.013600       0.001465
       7.440000       0.025663       0.001474
       7.460000       0.040520       0.001483
       7.480000       0.053985       0.001494
       7.500000       0.068427       0.001504
       7.520000       0.087512       0.001516
       7.540000       0.099575       0.001527
       7.560000       0.116963       0.001538
       7.580000       0.132701       0.001548
       7.600000       0.146066       0.001557
       7.620000       0.158130       0.001565
       7.640000       0.170294       0.001573
       7.660000       0.185129       0.001584
       7.680000       0.197127       0.001592
       7.700000       0.207966       0.001601
       7.720000       0.213678       0.001608
       7.740000       0.225146       0.001618
       7.760000       0.232979       0.001630
       7.780000       0.237897       0.001633
       7.800000       0.246546       0.001634
       7.820000       0.256747       0.001640
       7.840000       0.260698       0.001646
       7.860000       0.271794       0.001654
       7.880000       0.271483       0.001659
       7.900000       0.277535       0.001665
       7.920000       0.279767       0.001670
       7.940000       0.278939       0.001675
       7.960000       0.279841       0.001680
       7.980000       0.276071       0.001683
       8.000000       0.277832       0.001687
       8.020000       0.273847       0.001688
       8.040000       0.269120       0.001689
       8.059999       0.263710       0.001691
       8.080000       0.256070       0.001692
       8.099999       0.252014       0.001693
       8.120000       0.247225       0.001694
       8.139999       0.239709       0.001693
       8.160000       0.231862       0.001692
       8.179999       0.223776       0.001690
       8.200000       0.217214       0.001692
       8.220000       0.213401       0.001693
       8.240000       0.202699       0.001690
       8.260000       0.194351       0.001689
       8.280000       0.187238       0.001688
       8.300000       0.174528       0.001684
       8.320000       0.168922       0.001682
       8.340000       0.161759       0.001682
       8.360000       0.156177       0.001684
       8.380000       0.149126       0.001685
       8.400000       0.147632       0.001686
       8.420000       0.139611       0.001686
       8.440000       0.132427       0.001685
       8.460000       0.125695       0.001683
       8.480000       0.120246       0.001685
       8.500000       0.114850       0.001685
       8.520000       0.111343       0.001688
       8.540000       0.109530       0.001692
       8.559999       0.104955       0.001692
       8.580000       0.100730       0.001693
       8.599999       0.094566       0.001691
       8.620000       0.089662       0.001691
       8.639999       0.085578       0.001692
       8.660000       0.081763       0.001694
       8.679999       0.079504       0.001696
       8.700000       0.077987       0.001697
       8.720000       0.073373       0.001696
       8.740000       0.070918       0.001699
       8.760000       0.067790       0.001700
       8.780000       0.065093       0.001701
       8.800000       0.061489       0.001705
       8.820000       0.062844       0.001708
       8.840000       0.060887       0.001707
       8.860000       0.057145       0.001706
       8.880000       0.056743       0.001708
       8.900000       0.058197       0.001713
       8.920000       0.059267       0.001717
       8.940000       0.056979       0.001719
       8.960000       0.058013       0.001722
       8.980000       0.058925       0.001724
       9.000000       0.059257       0.001726
       9.020000       0.055715       0.001730
       9.040000       0.058184       0.001734
       9.059999       0.058933       0.001739
       9.080000       0.057217       0.001741
       9.099999       0.058903       0.001744
       9.120000       0.059029       0.001746
       9.139999       0.057240       0.001748
       9.160000       0.058371       0.001752
       9.179999       0.058317       0.001754
       9.200000       0.057826       0.001756
       9.220000       0.057091       0.001756
       9.240000       0.056078       0.001757
       9.260000       0.056212       0.001758
       9.280000       0.056090       0.001760
       9.300000       0.056481       0.001762
       9.320000       0.058309       0.001766
       9.340000       0.061943       0.001773
       9.360000       0.062795       0.001778
       9.380000       0.065314       0.001784
       9.400000       0.065096       0.001787
       9.420000       0.065807       0.001789
       9.440000       0.064284       0.001789
       9.460000       0.063097       0.001792
       9.480000       0.067732       0.001796
       9.500000       0.064563       0.001799
       9.520000       0.068359       0.001804
       9.540000       0.071034       0.001806
       9.559999       0.070677       0.001807
       9.580000       0.070657       0.001809
       9.599999       0.070950       0.001813
       9.620000       0.070233       0.001816
       9.639999       0.072306       0.001818
       9.660000       0.072534       0.001822
       9.679999       0.072905       0.001825
       9.700000       0.070763       0.001823
       9.719999       0.068563       0.001825
       9.740000       0.067491       0.001825
       9.760000       0.063595       0.001824
       9.780000       0.067612       0.001828
       9.800000       0.069252       0.001834
       9.820000       0.069850       0.001838
       9.840000       0.073124       0.001843
       9.860000       0.076752       0.001848
       9.880000       0.075678       0.001851
       9.900000       0.074343       0.001853
       9.920000       0.076111       0.001858
       9.940000       0.073453       0.001858
       9.960000       0.075928       0.001862
       9.980000       0.069021       0.001861
      10.000000       0.071540       0.001865
      10.020000       0.069322       0.001867
      10.040000       0.067772       0.001869
      10.059999       0.067493       0.001870
      10.080000       0.063326       0.001873
      10.099999       0.058831       0.001871
      10.120000       0.058362       0.001870
      10.139999       0.050408       0.001866
      10.160000       0.047005       0.001864
      10.179999       0.043116       0.001863
      10.200000       0.040955       0.001865
      10.219999       0.038396       0.001870
      10.240000       0.040014       0.001874
      10.260000       0.038671       0.001878
      10.280000       0.035886       0.001880
      10.300000       0.030782       0.001881
      10.320000       0.029606       0.001881
      10.340000       0.024819       0.001880
      10.360000       0.020990       0.001881
      10.380000       0.019787       0.001881
      10.400000       0.015956       0.001883
      10.420000       0.010279       0.001883
      10.440000       0.008163       0.001885
      10.460000       0.003220       0.001885
      10.480000      -0.001538       0.001886
      10.500000      -0.008334       0.001883
      10.520000      -0.015469       0.001882
      10.540000      -0.021784       0.001875
      10.559999      -0.031034       0.001871
      10.580000      -0.034391       0.001872
      10.599999      -0.036482       0.001870
      10.620000      -0.040859       0.001869
      10.639999      -0.041742       0.001871
      10.660000      -0.042453       0.001875
      10.679999      -0.042308       0.001880
      10.700000      -0.049746       0.001881
      10.719999      -0.052283       0.001882
      10.740000      -0.055228       0.001880
      10.760000      -0.059699       0.001881
      10.780000      -0.061972       0.001882
      10.800000      -0.065573       0.001882
      10.820000      -0.070918       0.001881
      10.840000      -0.072658       0.001883
      10.860000      -0.075947       0.001884
      10.880000      -0.079193       0.001884
      10.900000      -0.082558       0.001885
      10.920000      -0.082806       0.001888
      10.940000      -0.085337       0.001889
      10.960000      -0.088181       0.001889
      10.980000      -0.090892       0.001888
      11.000000      -0.095216       0.001888
      11.020000      -0.096101       0.001890
      11.040000      -0.097011       0.001892
      11.059999      -0.096790       0.001896
      11.080000      -0.096951       0.001898
      11.099999      -0.098533       0.001901
      11.120000      -0.098595       0.001903
      11.139999      -0.100480       0.001902
      11.160000      -0.099756       0.001905
      11.179999      -0.104167       0.001904
      11.200000      -0.105941       0.001905
      11.219999      -0.108934       0.001905
      11.240000      -0.105101       0.001909
      11.259999      -0.108053       0.001911
      11.280000      -0.105312       0.001915
      11.300000      -0.105397       0.001915
      11.320000      -0.106094       0.001916
      11.340000      -0.108749       0.001914
      11.360000      -0.109570       0.001913
      11.380000      -0.109360       0.001912
      11.400000      -0.106980       0.001916
      11.420000      -0.100751       0.001924
      11.440000      -0.098041       0.001933
      11.460000      -0.092117       0.001941
      11.480000      -0.090055       0.001949
      11.500000      -0.088628       0.001950
      11.520000      -0.084716       0.001952
      11.540000      -0.081957       0.001954
      11.559999      -0.078618       0.001959
      11.580000      -0.074351       0.001966
      11.599999      -0.072455       0.001971
      11.620000      -0.068151       0.001977
      11.639999      -0.061030       0.001983
      11.660000      -0.055963       0.001989
      11.679999      -0.052799       0.001990
      11.700000      -0.048957       0.001996
      11.719999      -0.043533       0.002002
      11.740000      -0.042138       0.002007
      11.759999      -0.035522       0.002013
      11.780000      -0.026285       0.002019
      11.800000      -0.025371       0.002023
      11.820000      -0.015637       0.002029
      11.840000      -0.008996       0.002034
      11.860000      -0.004752       0.002042
      11.880000       0.003353       0.002047
      11.900000       0.009544       0.002053
      11.920000       0.015731       0.002058
      11.940000       0.020697       0.002062
      11.960000       0.027246       0.002070
      11.980000       0.037016       0.002078
      12.000000       0.043247       0.002086
      12.020000       0.052931       0.002096
      12.040000       0.056969       0.002102
      12.059999       0.064509       0.002106
      12.080000       0.069645       0.002108
      12.099999       0.075677       0.002112
      12.120000       0.078362       0.002114
      12.139999       0.084319       0.002119
      12.160000       0.091177       0.002126
      12.179999       0.104399       0.002140
      12.200000       0.112757       0.002150
      12.219999       0.121112       0.002158
      12.240000       0.126397       0.002166
      12.259999       0.130157       0.002168
      12.280000       0.137154       0.002174
      12.300000       0.139976       0.002177
      12.320000       0.145442       0.002184
      12.340000       0.152062       0.002189
      12.360000       0.153856       0.002194
      12.380000       0.156437       0.002197
      12.400000       0.162061       0.002199
      12.420000       0.162927       0.002203
      12.440000       0.167999       0.002207
      12.460000       0.168055       0.002211
      12.480000       0.167926       0.002212
      12.500000       0.170837       0.002216
      12.520000       0.176800       0.002223
      12.540000       0.176190       0.002225
      12.559999       0.176279       0.002226
      12.580000       0.179136       0.002231
      12.599999       0.178653       0.002232
      12.620000       0.175130       0.002233
      12.639999       0.180070       0.002237
      12.660000       0.174700       0.002236
      12.679999       0.173191       0.002238
      12.700000       0.167284       0.002237
      12.719999       0.164015       0.002236
      12.740000       0.162137       0.002235
      12.759999       0.158187       0.002233
      12.780000       0.152176       0.002231
      12.799999       0.146911       0.002228
      12.820000       0.140344       0.002226
      12.840000       0.140880       0.002228
      12.860000       0.138203       0.002228
      12.880000       0.136679       0.002234
      12.900000       0.130566       0.002234
      12.920000       0.128104       0.002235
      12.940000       0.122605       0.002233
      12.960000       0.115097       0.002231
      12.980000       0.108756       0.002229
      13.000000       0.103978       0.002228
      13.020000       0.103559       0.002231
      13.040000       0.098448       0.002229
      13.059999       0.092534       0.002227
      13.080000       0.085588       0.002225
      13.099999       0.079945       0.002219
      13.120000       0.072714       0.002215
      13.139999       0.067271       0.002213
      13.160000       0.061736       0.002213
      13.179999       0.054007       0.002213
      13.200000       0.050559       0.002213
      13.219999       0.049908       0.002213
      13.240000       0.043231       0.002211
      13.259999       0.036861       0.002210
      13.280000       0.031524       0.002209
      13.299999       0.027363       0.002209
      13.320000       0.020942       0.002206
      13.340000       0.014602       0.002203
      13.360000       0.011264       0.002202
      13.380000       0.006679       0.002199
      13.400000       0.002275       0.002197
      13.420000      -0.002131       0.002197
      13.440000      -0.011098       0.002191
      13.460000      -0.013115       0.002191
      13.480000      -0.016493       0.002190
      13.500000      -0.020873       0.002188
      13.520000      -0.024401       0.002189
      13.540000      -0.028765       0.002188
      13.559999      -0.029950       0.002193
      13.580000      -0.031404       0.002195
      13.599999      -0.036338       0.002193
      13.620000      -0.039967       0.002192
      13.639999      -0.041272       0.002191
      13.660000      -0.041347       0.002191
      13.679999      -0.045096       0.002191
      13.700000      -0.050833       0.002193
      13.719999      -0.048824       0.002196
      13.740000      -0.050817       0.002195
      13.759999      -0.054142       0.002194
      13.780000      -0.055462       0.002190
      13.799999      -0.060052       0.002187
      13.820000      -0.062133       0.002189
      13.840000      -0.063068       0.002193
      13.860000      -0.060995       0.002195
      13.880000      -0.064715       0.002198
      13.900000      -0.065132       0.002199
      13.920000      -0.065771       0.002200
      13.940000      -0.064749       0.002204
      13.960000      -0.065932       0.002204
      13.980000      -0.069025       0.002204
      14.000000      -0.065462       0.002209
      14.020000      -0.068418       0.002209
      14.040000      -0.072139       0.002209
      14.059999      -0.071662       0.002210
      14.080000      -0.072293       0.002211
      14.099999      -0.070210       0.002214
      14.120000      -0.064697       0.002218
      14.139999      -0.066002       0.002222
      14.160000      -0.065746       0.002223
      14.179999      -0.070038       0.002222
      14.200000      -0.063837       0.002227
      14.219999      -0.066145       0.002227
      14.240000      -0.065742       0.002230
      14.259999      -0.063751       0.002234
      14.280000      -0.060820       0.002241
      14.299999      -0.062024       0.002243
      14.320000      -0.061538       0.002243
      14.340000      -0.059724       0.002243
      14.360000      -0.063981       0.002240
      14.380000      -0.060823       0.002244
      14.400000      -0.055700       0.002251
      14.420000      -0.051139       0.002256
      14.440000      -0.052559       0.002258
      14.460000      -0.052682       0.002263
      14.480000      -0.045813       0.002266
      14.500000      -0.045554       0.002268
      14.520000      -0.047872       0.002267
      14.540000      -0.044057       0.002271
      14.559999      -0.042714       0.002273
      14.580000      -0.041156       0.002278
      14.599999      -0.038984       0.002283
      14.620000      -0.035215       0.002286
      14.639999      -0.036936       0.002287
      14.660000      -0.039536       0.002285
      14.679999      -0.037836       0.002285
      14.700000      -0.039006       0.002285
      14.719999      -0.033834       0.002289
      14.740000      -0.029890       0.002298
      14.759999      -0.025176       0.002303
      14.780000      -0.024291       0.002309
      14.799999      -0.019105       0.002314
      14.820000      -0.022444       0.002314
      14.839999      -0.023919       0.002314
      14.860000      -0.018424       0.002319
      14.880000      -0.018688       0.002323
      14.900000      -0.014378       0.002328
      14.920000      -0.012725       0.002332
      14.940000      -0.012268       0.002333
      14.960000      -0.012089       0.002335
      14.980000      -0.011089       0.002336
      15.000000      -0.008628       0.002340
      15.020000      -0.004755       0.002344
      15.040000      -0.004761       0.002349
      15.059999      -0.006387       0.002347
      15.080000      -0.007800       0.002350
      15.099999      -0.007549       0.002349
      15.120000      -0.007536       0.002352
      15.139999      -0.003655       0.002357
      15.160000      -0.002880       0.002361
      15.179999      -0.003846       0.002367
      15.200000      -0.004400       0.002370
      15.219999      -0.002666       0.002368
      15.240000      -0.003780       0.002366
      15.259999      -0.005857       0.002367
      15.280000      -0.004198       0.002367
      15.299999      -0.006437       0.002370
      15.320000      -0.004933       0.002377
      15.339999      -0.003557       0.002378
      15.360000      -0.001629       0.002383
      15.380000       0.001798       0.002384
      15.400000      -0.000997       0.002387
      15.420000      -0.002351       0.002389
      15.440000      -0.000872       0.002390
      15.460000      -0.004732       0.002389
      15.480000      -0.002510       0.002392
      15.500000      -0.004909       0.002394
      15.520000      -0.006146       0.002397
      15.540000      -0.006006       0.002396
      15.559999      -0.009435       0.002398
      15.580000      -0.003050       0.002405
      15.599999      -0.001700       0.002409
      15.620000      -0.005524       0.002411
      15.639999      -0.003356       0.002412
      15.660000      -0.006056       0.002412
      15.679999      -0.005874       0.002412
      15.700000      -0.008366       0.002413
      15.719999      -0.004825       0.002415
      15.740000      -0.008563       0.002419
      15.759999      -0.009340       0.002419
      15.780000      -0.011182       0.002423
      15.799999      -0.010941       0.002422
      15.820000      -0.007930       0.002423
      15.839999      -0.007325       0.002427
      15.860000      -0.006367       0.002428
      15.880000      -0.004889       0.002431
      15.900000      -0.010605       0.002432
      15.920000      -0.006939       0.002437
      15.940000      -0.006515       0.002440
      15.960000      -0.003043       0.002444
      15.980000      -0.005938       0.002447
      16.000000      -0.005415       0.002448
      16.020000      -0.003352       0.002454
      16.039999      -0.002710       0.002455
      16.059999       0.000168       0.002457
      16.080000       0.002121       0.002461
      16.100000      -0.005379       0.002461
      16.119999      -0.000282       0.002467
      16.139999       0.003556       0.002467
      16.160000       0.001317       0.002469
      16.180000       0.004097       0.002474
      16.199999       0.007733       0.002478
      16.219999       0.001460       0.002475
      16.240000       0.006971       0.002482
      16.260000       0.007025       0.002485
      16.279999       0.008211       0.002487
      16.299999       0.010062       0.002491
      16.320000       0.013344       0.002492
      16.340000       0.011481       0.002490
      16.359999       0.014492       0.002494
      16.379999       0.013007       0.002495
      16.400000       0.018002       0.002502
      16.420000       0.017224       0.002506
      16.440001       0.022726       0.002511
      16.459999       0.028682       0.002517
      16.480000       0.029279       0.002524
      16.500000       0.030022       0.002521
      16.520000       0.030743       0.002524
      16.539999       0.033451       0.002529
      16.559999       0.032485       0.002531
      16.580000       0.035102       0.002536
      16.600000       0.036329       0.002538
      16.619999       0.038117       0.002542
      16.639999       0.041939       0.002544
      16.660000       0.043818       0.002551
      16.680000       0.050095       0.002557
      16.699999       0.050923       0.002562
      16.719999       0.051862       0.002569
      16.740000       0.052757       0.002570
      16.760000       0.052092       0.002571
      16.779999       0.053858       0.002570
      16.799999       0.053187       0.002571
      16.820000       0.054944       0.002573
      16.840000       0.056294       0.002576
      16.859999       0.053407       0.002579
      16.879999       0.058880       0.002589
      16.900000       0.059126       0.002589
      16.920000       0.053723       0.002589
      16.940001       0.058245       0.002590
      16.959999       0.055547       0.002591
      16.980000       0.060549       0.002600
      17.000000       0.060534       0.002603
      17.020000       0.061192       0.002606
      17.039999       0.060740       0.002608
      17.059999       0.067390       0.002616
      17.080000       0.064016       0.002613
      17.100000       0.064009       0.002615
      17.119999       0.061837       0.002618
      17.139999       0.061329       0.002618
      17.160000       0.058018       0.002618
      17.180000       0.057568       0.002620
      17.199999       0.055947       0.002623
      17.219999       0.057173       0.002625
      17.240000       0.052162       0.002625
      17.260000       0.052520       0.002624
      17.279999       0.052876       0.002628
      17.299999       0.052077       0.002628
      17.320000       0.053688       0.002628
      17.340000       0.053189       0.002627
      17.359999       0.041152       0.002626
      17.379999       0.042262       0.002626
      17.400000       0.042116       0.002627
      17.420000       0.040505       0.002629
      17.440001       0.036947       0.002634
      17.459999       0.035435       0.002634
      17.480000       0.037313       0.002639
      17.500000       0.033008       0.002639
      17.520000       0.028947       0.002635
      17.539999       0.024253       0.002633
      17.559999       0.018040       0.002629
      17.580000       0.022656       0.002634
      17.600000       0.016980       0.002633
      17.619999       0.017487       0.002637
      17.639999       0.015470       0.002640
      17.660000       0.014997       0.002643
      17.680000       0.012996       0.002645
      17.699999       0.010912       0.002646
      17.719999       0.003838       0.002641
      17.740000       0.004568       0.002642
      17.760000       0.000904       0.002642
      17.779999      -0.004347       0.002638
      17.799999      -0.005941       0.002641
      17.820000      -0.006723       0.002636
      17.840000      -0.014802       0.002632
      17.859999      -0.023052       0.002626
      17.879999      -0.022128       0.002628
      17.900000      -0.023103       0.002630
      17.920000      -0.027362       0.002632
      17.940001      -0.028504       0.002635
      17.959999      -0.030862       0.002638
      17.980000      -0.025021       0.002643
      18.000000      -0.030943       0.002643
      18.020000      -0.034353       0.002644
      18.039999      -0.033106       0.002646
      18.059999      -0.040373       0.002644
      18.080000      -0.043190       0.002643
      18.100000      -0.042404       0.002644
      18.119999      -0.042084       0.002646
      18.139999      -0.045256       0.002646
      18.160000      -0.050770       0.002643
      18.180000      -0.052850       0.002644
      18.199999      -0.054571       0.002645
      18.219999      -0.052517       0.002647
      18.240000      -0.054405       0.002650
      18.260000      -0.053134       0.002651
      18.279999      -0.055800       0.002653
      18.299999      -0.058558       0.002653
      18.320000      -0.060006       0.002653
      18.340000      -0.061519       0.002652
      18.359999      -0.063860       0.002650
      18.379999      -0.065710       0.002651
      18.400000      -0.063871       0.002655
      18.420000      -0.062433       0.002659
      18.440001      -0.062911       0.002662
      18.459999      -0.063518       0.002665
      18.480000      -0.066501       0.002665
      18.500000      -0.067865       0.002668
      18.520000      -0.063135       0.002670
      18.539999      -0.064965       0.002670
      18.559999      -0.067579       0.002671
      18.580000      -0.067581       0.002676
      18.600000      -0.068444       0.002676
      18.619999      -0.067806       0.002679
      18.639999      -0.066982       0.002685
      18.660000      -0.066258       0.002685
      18.680000      -0.064349       0.002690
      18.699999      -0.061996       0.002692
      18.719999      -0.064172       0.002693
      18.740000      -0.063562       0.002696
      18.760000      -0.061882       0.002700
      18.779999      -0.063845       0.002700
      18.799999      -0.057908       0.002705
      18.820000      -0.060235       0.002709
      18.840000      -0.058727       0.002716
      18.859999      -0.054879       0.002722
      18.879999      -0.052474       0.002721
      18.900000      -0.052302       0.002724
      18.920000      -0.056819       0.002726
      18.939999      -0.056595       0.002725
      18.959999      -0.052358       0.002730
      18.980000      -0.049784       0.002735
      19.000000      -0.048281       0.002742
      19.020000      -0.045494       0.002745
      19.039999      -0.044247       0.002750
      19.059999      -0.041378       0.002752
      19.080000      -0.042223       0.002751
      19.100000      -0.043891       0.002749
      19.119999      -0.040910       0.002755
      19.139999      -0.037498       0.002762
      19.160000      -0.036826       0.002769
      19.180000      -0.035321       0.002775
      19.199999      -0.030660       0.002783
      19.219999      -0.025259       0.002784
      19.240000      -0.027956       0.002782
      19.260000      -0.027852       0.002785
      19.279999      -0.019892       0.002790
      19.299999      -0.016931       0.002794
      19.320000      -0.013044       0.002803
      19.340000      -0.013306       0.002809
      19.359999      -0.012718       0.002812
      19.379999      -0.014010       0.002814
      19.400000      -0.010659       0.002819
      19.420000      -0.004897       0.002823
      19.439999      -0.005592       0.002822
      19.459999      -0.000946       0.002828
      19.480000      -0.002347       0.002831
      19.500000       0.002905       0.002837
      19.520000       0.005416       0.002844
      19.539999       0.010966       0.002851
      19.559999       0.014620       0.002859
      19.580000       0.020256       0.002868
      19.600000       0.016169       0.002867
      19.619999       0.018233       0.002872
      19.639999       0.016419       0.002871
      19.660000       0.017591       0.002869
      19.680000       0.016135       0.002869
      19.699999       0.020066       0.002874
      19.719999       0.016437       0.002875
      19.740000       0.020962       0.002881
      19.760000       0.024260       0.002882
      19.779999       0.021602       0.002884
      19.799999       0.023350       0.002886
      19.820000       0.031667       0.002900
      19.840000       0.033207       0.002909
      19.859999       0.033126       0.002916
      19.879999       0.037700       0.002921
      19.900000       0.041125       0.002921
      19.920000       0.036654       0.002918
      19.939999       0.031212       0.002911
      19.959999       0.031144       0.002907
      19.980000       0.031933       0.002909
      20.000000       0.034919       0.002921
      20.020000       0.039295       0.002931
      20.039999       0.040894       0.002940
      20.059999       0.042711       0.002948
      20.080000       0.043022       0.002949
      20.100000       0.041214       0.002947
      20.119999       0.041906       0.002947
      20.139999       0.041373       0.002948
      20.160000       0.042375       0.002955
      20.180000       0.046036       0.002959
      20.199999       0.041220       0.002955
      20.219999       0.036979       0.002953
      20.240000       0.039979       0.002957
      20.260000       0.041466       0.002961
      20.279999       0.036690       0.002963
      20.299999       0.034685       0.002967
      20.320000       0.034820       0.002967
      20.340000       0.029678       0.002960
      20.359999       0.029800       0.002957
      20.379999       0.030971       0.002958
      20.400000       0.030777       0.002962
      20.420000       0.032464       0.002971
      20.439999       0.034941       0.002981
      20.459999       0.035805       0.002989
      20.480000       0.037204       0.002991
      20.500000       0.037430       0.002985
      20.520000       0.030366       0.002980
      20.539999       0.027654       0.002981
      20.559999       0.028160       0.002988
      20.580000       0.029735       0.002993
      20.600000       0.028398       0.002994
      20.619999       0.026946       0.002995
      20.639999       0.025675       0.002995
      20.660000       0.025032       0.002997
      20.680000       0.029558       0.003002
      20.699999       0.025750       0.003003
      20.719999       0.023156       0.003006
      20.740000       0.022940       0.003008
      20.760000       0.019754       0.003005
      20.779999       0.021706       0.003006
      20.799999       0.021096       0.003008
      20.820000       0.014051       0.003006
      20.840000       0.011637       0.003010
      20.859999       0.013456       0.003014
      20.879999       0.011748       0.003013
      20.900000       0.011384       0.003016
      20.920000       0.013152       0.003019
      20.939999       0.015752       0.003019
      20.959999       0.011672       0.003019
      20.980000       0.010251       0.003025
      21.000000       0.010840       0.003027
      21.020000       0.016265       0.003034
      21.039999       0.009485       0.003026
      21.059999       0.005207       0.003026
      21.080000       0.005579       0.003030
      21.100000       0.005886       0.003034
      21.119999       0.008897       0.003041
      21.139999       0.006512       0.003045
      21.160000       0.008949       0.003045
      21.180000       0.007432       0.003042
      21.199999       0.004720       0.003042
      21.219999       0.001390       0.003041
      21.240000       0.003931       0.003044
      21.260000       0.005261       0.003047
      21.279999       0.003314       0.003049
      21.299999       0.002268       0.003044
      21.320000      -0.001970       0.003040
      21.340000       0.000897       0.003047
      21.359999       0.000226       0.003052
      21.379999       0.000219       0.003061
      21.400000      -0.002070       0.003062
      21.420000       0.000456       0.003063
      21.439999       0.000070       0.003062
      21.459999       0.000260       0.003062
      21.480000      -0.007259       0.003058
      21.500000      -0.001542       0.003067
      21.520000      -0.003654       0.003071
      21.539999      -0.004919       0.003075
      21.559999      -0.002261       0.003077
      21.580000      -0.007041       0.003074
      21.600000      -0.006804       0.003074
      21.619999      -0.007068       0.003073
      21.639999      -0.004937       0.003078
      21.660000      -0.004657       0.003086
      21.680000      -0.005416       0.003092
      21.699999      -0.004053       0.003090
      21.719999      -0.006328       0.003091
      21.740000      -0.009978       0.003088
      21.760000      -0.009250       0.003091
      21.779999      -0.010127       0.003093
      21.799999      -0.009113       0.003094
      21.820000      -0.008530       0.003096
      21.840000      -0.010009       0.003097
      21.859999      -0.013146       0.003092
      21.879999      -0.014213       0.003089
      21.900000      -0.013249       0.003096
      21.920000      -0.012241       0.003102
      21.939999      -0.010692       0.003107
      21.959999      -0.014102       0.003113
      21.980000      -0.015039       0.003118
      22.000000      -0.016523       0.003117
      22.020000      -0.019723       0.003114
      22.039999      -0.019531       0.003118
      22.059999      -0.019573       0.003120
      22.080000      -0.014291       0.003124
      22.100000      -0.012228       0.003130
      22.119999      -0.017041       0.003128
      22.139999      -0.016380       0.003131
      22.160000      -0.022296       0.003124
      22.180000      -0.023309       0.003122
      22.199999      -0.023689       0.003130
      22.219999      -0.018557       0.003137
      22.240000      -0.015573       0.003141
      22.260000      -0.022539       0.003141
      22.279999      -0.024409       0.003136
      22.299999      -0.024304       0.003136
      22.320000      -0.024540       0.003140
      22.340000      -0.023107       0.003143
      22.359999      -0.023408       0.003149
      22.379999      -0.024298       0.003152
      22.400000      -0.024696       0.003155
      22.420000      -0.023849       0.003157
      22.439999      -0.026110       0.003158
      22.459999      -0.024829       0.003161
      22.480000      -0.023317       0.003163
      22.500000      -0.028990       0.003162
      22.519999      -0.029812       0.003164
      22.539999      -0.031315       0.003163
      22.559999      -0.028094       0.003168
      22.580000      -0.026000       0.003170
      22.600000      -0.028017       0.003174
      22.619999      -0.028272       0.003176
      22.639999      -0.030054       0.003176
      22.660000      -0.029156       0.003177
      22.680000      -0.028301       0.003178
      22.699999      -0.033637       0.003178
      22.719999      -0.031263       0.003182
      22.740000      -0.030652       0.003184
      22.760000      -0.032644       0.003186
      22.779999      -0.034280       0.003184
      22.799999      -0.036506       0.003183
      22.820000      -0.029010       0.003189
      22.840000      -0.034351       0.003192
      22.859999      -0.029220       0.003200
      22.879999      -0.033671       0.003203
      22.900000      -0.029883       0.003207
      22.920000      -0.027698       0.003209
      22.939999      -0.029253       0.003206
      22.959999      -0.034909       0.003199
      22.980000      -0.032044       0.003205
      23.000000      -0.026430       0.003213
      23.019999      -0.029526       0.003219
      23.039999      -0.026615       0.003221
      23.059999      -0.026844       0.003224
      23.080000      -0.028260       0.003225
      23.100000      -0.028448       0.003231
      23.119999      -0.029116       0.003230
      23.139999      -0.030654       0.003231
      23.160000      -0.027613       0.003241
      23.180000      -0.027512       0.003240
      23.199999      -0.026854       0.003241
      23.219999      -0.028591       0.003241
      23.240000      -0.026218       0.003239
      23.260000      -0.023040       0.003248
      23.279999      -0.025461       0.003246
      23.299999      -0.024082       0.003251
      23.320000      -0.026759       0.003257
      23.340000      -0.020192       0.003265
      23.359999      -0.020484       0.003273
      23.379999      -0.018212       0.003280
      23.400000      -0.014276       0.003285
      23.420000      -0.015568       0.003285
      23.439999      -0.019374       0.003283
      23.459999      -0.014952       0.003282
      23.480000      -0.017031       0.003282
      23.500000      -0.015830       0.003286
      23.519999      -0.014189       0.003293
      23.539999      -0.010990       0.003295
      23.559999      -0.011315       0.003300
      23.580000      -0.011578       0.003308
      23.600000      -0.007967       0.003312
      23.619999      -0.008880       0.003314
      23.639999      -0.007604       0.003315
      23.660000      -0.006389       0.003319
      23.680000      -0.003379       0.003323
      23.699999      -0.002254       0.003329
      23.719999      -0.001042       0.003322
      23.740000      -0.001022       0.003322
      23.760000       0.000284       0.003327
      23.779999      -0.001194       0.003332
      23.799999       0.001006       0.003337
      23.820000       0.009762       0.003351
      23.840000       0.005075       0.003356
      23.859999       0.005401       0.003357
      23.879999       0.008010       0.003359
      23.900000       0.007020       0.003358
      23.920000       0.008594       0.003362
      23.939999       0.012527       0.003371
      23.959999       0.019264       0.003379
      23.980000       0.011732       0.003380
      24.000000       0.018896       0.003385
      24.019999       0.026442       0.003393
      24.039999       0.019906       0.003386
      24.059999       0.016630       0.003386
      24.080000       0.017297       0.003390
      24.100000       0.021734       0.003401
      24.119999       0.023248       0.003408
      24.139999       0.027160       0.003409
      24.160000       0.025517       0.003404
      24.180000       0.025372       0.003407
      24.199999       0.027748       0.003412
      24.219999       0.027274       0.003419
      24.240000       0.025142       0.003421
      24.260000       0.025995       0.003432
      24.279999       0.032207       0.003433
      24.299999       0.023449       0.003427
      24.320000       0.026770       0.003426
      24.340000       0.033768       0.003430
      24.359999       0.032074       0.003431
      24.379999       0.025266       0.003437
      24.400000       0.029997       0.003442
      24.420000       0.032245       0.003452
      24.439999       0.028678       0.003454
      24.459999       0.029935       0.003457
      24.480000       0.032643       0.003455
      24.500000       0.030981       0.003458
      24.519999       0.029911       0.003459
      24.539999       0.036286       0.003468
      24.559999       0.031426       0.003467
      24.580000       0.029808       0.003470
      24.600000       0.033445       0.003473
      24.619999       0.030111       0.003471
      24.639999       0.030415       0.003464
      24.660000       0.022109       0.003464
      24.680000       0.026263       0.003472
      24.699999       0.027327       0.003477
      24.719999       0.031234       0.003481
      24.740000       0.032148       0.003492
      24.760000       0.030272       0.003498
      24.779999       0.030040       0.003503
      24.799999       0.034254       0.003509
      24.820000       0.029966       0.003504
      24.840000       0.032282       0.003509
      24.859999       0.027358       0.003508
      24.879999       0.025215       0.003507
      24.900000       0.022828       0.003499
      24.920000       0.020862       0.003493
      24.939999       0.018698       0.003490
      24.959999       0.020299       0.003504
      24.980000       0.020596       0.003507
      25.000000       0.026136       0.003518
      25.019999       0.018755       0.003520
      25.039999       0.016966       0.003515
      25.059999       0.019185       0.003512
      25.080000       0.011371       0.003504
      25.100000       0.013958       0.003500
      25.119999       0.007558       0.003504
      25.139999       0.010629       0.003511
      25.160000       0.001050       0.003507
      25.180000       0.008988       0.003517
      25.199999       0.012835       0.003523
      25.219999       0.008848       0.003526
      25.240000       0.005355       0.003527
      25.260000       0.003308       0.003526
      25.279999       0.003307       0.003528
      25.299999       0.003303       0.003519
      25.320000       0.002598       0.003529
      25.340000      -0.003087       0.003529
      25.359999      -0.010768       0.003519
      25.379999      -0.003280       0.003534
      25.400000      -0.003468       0.003537
      25.420000      -0.002696       0.003539
      25.439999      -0.013655       0.003525
      25.459999      -0.011536       0.003526
      25.480000      -0.010050       0.003526
      25.500000      -0.012031       0.003522
      25.519999      -0.014893       0.003530
      25.539999      -0.011811       0.003541
      25.559999      -0.011485       0.003547
      25.580000      -0.008851       0.003549
      25.599998      -0.013090       0.003545
      25.619999      -0.013140       0.003546
      25.639999      -0.010692       0.003549
      25.660000      -0.019104       0.003545
      25.680000      -0.019215       0.003552
      25.699999      -0.015682       0.003559
      25.719999      -0.024577       0.003549
      25.740000      -0.021559       0.003550
      25.760000      -0.022989       0.003550
      25.779999      -0.024319       0.003552
      25.799999      -0.025943       0.003553
      25.820000      -0.025877       0.003560
      25.840000      -0.026710       0.003564
      25.859999      -0.024482       0.003571
      25.879999      -0.015494       0.003582
      25.900000      -0.024555       0.003579
      25.920000      -0.018485       0.003585
      25.939999      -0.027865       0.003573
      25.959999      -0.021270       0.003583
      25.980000      -0.024361       0.003585
      26.000000      -0.028913       0.003580
      26.019999      -0.028364       0.003582
      26.039999      -0.023375       0.003592
      26.059999      -0.023398       0.003599
      26.080000      -0.023520       0.003601
      26.099998      -0.026945       0.003597
      26.119999      -0.032321       0.003592
      26.139999      -0.029668       0.003594
      26.160000      -0.031108       0.003593
      26.180000      -0.030046       0.003599
      26.199999      -0.033973       0.003601
      26.219999      -0.027949       0.003610
      26.240000      -0.028098       0.003609
      26.260000      -0.028167       0.003609
      26.279999      -0.027112       0.003611
      26.299999      -0.029015       0.003609
      26.320000      -0.026833       0.003618
      26.340000      -0.027925       0.003629
      26.359999      -0.024921       0.003637
      26.379999      -0.022277       0.003646
      26.400000      -0.027440       0.003639
      26.420000      -0.026044       0.003639
      26.439999      -0.021725       0.003650
      26.459999      -0.020857       0.003652
      26.480000      -0.025694       0.003653
      26.500000      -0.022846       0.003656
      26.519999      -0.024091       0.003657
      26.539999      -0.027591       0.003649
      26.559999      -0.028789       0.003643
      26.580000      -0.034496       0.003638
      26.599998      -0.027864       0.003649
      26.619999      -0.027884       0.003662
      26.639999      -0.021929       0.003675
      26.660000      -0.014381       0.003690
      26.680000      -0.016180       0.003678
      26.699999      -0.022567       0.003682
      26.719999      -0.021505       0.003680
      26.740000      -0.022815       0.003679
      26.760000      -0.021972       0.003681
      26.779999      -0.022985       0.003690
      26.799999      -0.022444       0.003694
      26.820000      -0.022653       0.003689
      26.840000      -0.022711       0.003690
      26.859999      -0.017541       0.003699
      26.879999      -0.015590       0.003701
      26.900000      -0.018808       0.003709
      26.920000      -0.014670       0.003714
      26.939999      -0.016927       0.003717
      26.959999      -0.017565       0.003723
      26.980000      -0.016011       0.003718
      27.000000      -0.017777       0.003717
      27.019999      -0.014311       0.003725
      27.039999      -0.011481       0.003725
      27.059999      -0.014220       0.003728
      27.080000      -0.017476       0.003728
      27.099998      -0.013318       0.003734
      27.119999      -0.011491       0.003740
      27.139999      -0.008231       0.003744
      27.160000      -0.011380       0.003752
      27.180000      -0.013762       0.003760
      27.199999      -0.005587       0.003771
      27.219999      -0.006081       0.003771
      27.240000      -0.008808       0.003767
      27.260000      -0.006379       0.003763
      27.279999      -0.006868       0.003768
      27.299999      -0.009917       0.003764
      27.320000      -0.007437       0.003765
      27.340000      -0.012154       0.003768
      27.359999      -0.000649       0.003780
      27.379999      -0.006505       0.003784
      27.400000      -0.003635       0.003785
      27.420000      -0.003058       0.003793
      27.439999      -0.004198       0.003792
      27.459999      -0.000428       0.003797
      27.480000      -0.002750       0.003797
      27.500000      -0.005340       0.003802
      27.519999       0.001551       0.003810
      27.539999      -0.000699       0.003809
      27.559999      -0.002501       0.003815
      27.580000      -0.004632       0.003822
      27.599998      -0.004198       0.003819
      27.619999      -0.003077       0.003822
      27.639999      -0.000638       0.003831
      27.660000      -0.000209       0.003833
      27.680000      -0.000327       0.003835
      27.699999      -0.001990       0.003831
      27.719999       0.002379       0.003835
      27.740000       0.008747       0.003838
      27.760000       0.006871       0.003839
      27.779999       0.008838       0.003846
      27.799999       0.008914       0.003850
      27.820000       0.009196       0.003856
      27.840000       0.001460       0.003859
      27.859999       0.003231       0.003864
      27.879999       0.006476       0.003864
      27.900000       0.009369       0.003869
      27.920000       0.008770       0.003878
      27.939999       0.005375       0.003873
      27.959999       0.007387       0.003875
      27.980000       0.006425       0.003875
      28.000000       0.007501       0.003874
      28.019999       0.008630       0.003873
      28.039999       0.004584       0.003877
      28.059999       0.007739       0.003886
      28.080000       0.010864       0.003901
      28.099998       0.012463       0.003905
      28.119999       0.017231       0.003915
      28.139999       0.011600       0.003905
      28.160000       0.010927       0.003910
      28.180000       0.012375       0.003913
      28.199999       0.011260       0.003911
      28.219999       0.013651       0.003920
      28.240000       0.012136       0.003920
      28.260000       0.010794       0.003918
      28.279999       0.009459       0.003907
      28.299999       0.010581       0.003911
      28.320000       0.012877       0.003917
      28.340000       0.010878       0.003926
      28.359999       0.008720       0.003931
      28.379999       0.014754       0.003944
      28.400000       0.019081       0.003955
      28.420000       0.012209       0.003952
      28.439999       0.015787       0.003955
      28.459999       0.009869       0.003949
      28.480000       0.013547       0.003955
      28.500000       0.014668       0.003958
      28.519999       0.016141       0.003962
      28.539999       0.014587       0.003964
      28.559999       0.008873       0.003961
      28.580000       0.009018       0.003963
      28.599998       0.014745       0.003970
      28.619999       0.015026       0.003975
      28.639999       0.014709       0.003981
      28.660000       0.017609       0.003989
      28.680000       0.015871       0.003994
      28.699999       0.015510       0.003993
      28.719999       0.017060       0.003998
      28.740000       0.015844       0.004006
      28.760000       0.016008       0.004005
      28.779999       0.014536       0.004005
      28.799999       0.015138       0.004010
      28.820000       0.017458       0.004005
      28.840000       0.015654       0.004005
      28.859999       0.012767       0.004002
      28.879999       0.013179       0.004008
      28.900000       0.013285       0.004016
      28.920000       0.019710       0.004034
      28.939999       0.014685       0.004032
      28.959999       0.016567       0.004033
      28.980000       0.014433       0.004031
      29.000000       0.015979       0.004032
      29.019999       0.010224       0.004029
      29.039999       0.002237       0.004023
      29.059999       0.006520       0.004029
      29.080000       0.006395       0.004024
      29.099998       0.008528       0.004026
      29.119999       0.002826       0.004021
      29.139999      -0.001447       0.004025
      29.160000      -0.002483       0.004024
      29.179998       0.004872       0.004032
      29.199999       0.007154       0.004043
      29.219999       0.004840       0.004041
      29.240000       0.002326       0.004043
      29.260000       0.002591       0.004046
      29.279999      -0.000133       0.004049
      29.299999       0.001000       0.004055
      29.320000       0.004886       0.004065
      29.340000       0.004314       0.004065
      29.359999       0.005805       0.004067
      29.379999       0.004980       0.004067
      29.400000      -0.003776       0.004058
      29.420000      -0.009347       0.004052
      29.439999      -0.002416       0.004055
      29.459999      -0.000649       0.004064
      29.480000      -0.002747       0.004076
      29.500000       0.003321       0.004093
      29.519999       0.001558       0.004094
      29.539999      -0.005041       0.004093
      29.559999       0.001792       0.004104
      29.580000      -0.003428       0.004096
      29.599998      -0.003737       0.004095
      29.619999      -0.004704       0.004087
      29.639999      -0.007344       0.004086
      29.660000      -0.007724       0.004091
      29.679998      -0.005599       0.004097
      29.699999      -0.003238       0.004095
      29.719999      -0.007197       0.004093
      29.740000      -0.010495       0.004102
      29.760000      -0.017878       0.004096
      29.779999      -0.013090       0.004098
      29.799999      -0.016565       0.004099
      29.820000      -0.015625       0.004102
      29.840000      -0.018648       0.004107
      29.859999      -0.016610       0.004114
      29.879999      -0.004142       0.004129
      29.900000      -0.011198       0.004136
      29.920000      -0.009961       0.004138
      29.939999      -0.014106       0.004127
      29.959999      -0.014009       0.004121
      29.980000      -0.018260       0.004121
      30.000000      -0.017571       0.004124
      30.019999      -0.019496       0.004126
      30.039999      -0.021851       0.004124
      30.059999      -0.024551       0.004126
      30.080000      -0.024471       0.004127
      30.099998      -0.025324       0.004120
      30.119999      -0.022344       0.004128
      30.139999      -0.021683       0.004130
      30.160000      -0.018148       0.004149
      30.179998      -0.014864       0.004157
      30.199999      -0.017327       0.004167
      30.219999      -0.014020       0.004160
      30.240000      -0.019879       0.004159
      30.260000      -0.023536       0.004153
      30.279999      -0.025661       0.004152
      30.299999      -0.022054       0.004151
      30.320000      -0.021552       0.004159
      30.340000      -0.019225       0.004177
      30.359999      -0.023677       0.004177
      30.379999      -0.021615       0.004172
      30.400000      -0.022739       0.004181
      30.420000      -0.023401       0.004180
      30.439999      -0.021401       0.004187
      30.459999      -0.020092       0.004188
      30.480000      -0.027598       0.004191
      30.500000      -0.030388       0.004189
      30.519999      -0.025343       0.004188
      30.539999      -0.023484       0.004184
      30.559999      -0.025214       0.004185
      30.580000      -0.028074       0.004185
      30.599998      -0.023207       0.004191
      30.619999      -0.031401       0.004194
      30.639999      -0.025586       0.004204
      30.660000      -0.022266       0.004215
      30.679998      -0.022776       0.004227
      30.699999      -0.015775       0.004239
      30.719999      -0.018059       0.004238
      30.740000      -0.016583       0.004244
      30.760000      -0.015933       0.004252
      30.779999      -0.011121       0.004250
      30.799999      -0.012566       0.004247
      30.820000      -0.019435       0.004239
      30.840000      -0.022371       0.004237
      30.859999      -0.024350       0.004241
      30.879999      -0.010283       0.004253
      30.900000      -0.009702       0.004257
      30.920000      -0.014894       0.004260
      30.939999      -0.013886       0.004271
      30.959999      -0.013047       0.004275
      30.980000      -0.008158       0.004277
      31.000000      -0.012165       0.004274
      31.019999      -0.011560       0.004280
      31.039999      -0.012411       0.004280
      31.059999      -0.010780       0.004281
      31.080000      -0.007379       0.004284
      31.099998      -0.017314       0.004287
      31.119999      -0.014967       0.004291
      31.139999      -0.008982       0.004292
      31.160000      -0.013133       0.004289
      31.179998      -0.013615       0.004294
      31.199999      -0.013327       0.004299
      31.219999      -0.011970       0.004302
      31.240000      -0.008807       0.004313
      31.260000      -0.004792       0.004331
      31.279999      -0.001655       0.004336
      31.299999      -0.000921       0.004339
      31.320000      -0.005953       0.004334
      31.340000      -0.004489       0.004330
      31.359999      -0.006492       0.004336
      31.379999       0.000252       0.004347
      31.400000      -0.004921       0.004348
