#       1571
#     file:    SofQ/NOM_9999_MT_instrument_SQ.dat
#     created: Mon Jul 25 14:49:25 2016
#     Comment: neutron, Qmax=31.414, Qdamp=0.017659, Qbroad= 0.0191822
#     
       0.000000       0.170735      -0.000000
       0.020000       0.170735      -0.000000
       0.040000       0.170735      -0.000000
       0.060000       0.170735      -0.000000
       0.080000       0.170735      -0.000000
       0.100000       0.170735      -0.000000
       0.120000       0.170735      -0.000000
       0.140000       0.170735      -0.000000
       0.160000       0.170736      -0.050753
       0.180000       0.170736      -0.020450
       0.200000       0.170736      -0.018634
       0.220000       0.170737      -0.013316
       0.240000       0.170737      -0.010093
       0.260000       0.170738      -0.007974
       0.280000       0.170738      -0.006721
       0.300000       0.170739      -0.005892
       0.320000       0.170739      -0.005349
       0.340000       0.170740      -0.004966
       0.360000       0.170741      -0.004714
       0.380000       0.170741      -0.004604
       0.400000       0.170742      -0.004600
       0.420000       0.170743      -0.004636
       0.440000       0.170743      -0.004738
       0.460000       0.170744      -0.004860
       0.480000       0.170745      -0.004922
       0.500000       0.170746      -0.004939
       0.520000       0.189336      -0.004880
       0.540000       0.180750      -0.004782
       0.560000       0.188961      -0.004672
       0.580000       0.182074      -0.004562
       0.600000       0.167303      -0.004439
       0.620000       0.174773      -0.004344
       0.640000       0.160871      -0.004237
       0.660000       0.157894      -0.004137
       0.680000       0.151525      -0.004061
       0.700000       0.144699      -0.003999
       0.720000       0.132446      -0.003966
       0.740000       0.109951      -0.003953
       0.760000       0.100344      -0.003982
       0.780000       0.089804      -0.004031
       0.800000       0.081416      -0.004099
       0.820000       0.080984      -0.004176
       0.840000       0.072927      -0.004243
       0.860000       0.071640      -0.004323
       0.880000       0.069770      -0.004401
       0.900000       0.057989      -0.004474
       0.920000       0.062995      -0.004573
       0.940000       0.067501      -0.004681
       0.960000       0.061075      -0.004758
       0.980000       0.063092      -0.004860
       1.000000       0.077246      -0.004941
       1.020000       0.089711      -0.004980
       1.040000       0.096505      -0.004951
       1.060000       0.131547      -0.004894
       1.080000       0.139800      -0.004773
       1.100000       0.141707      -0.004622
       1.120000       0.140775      -0.004479
       1.140000       0.145127      -0.004357
       1.160000       0.151984      -0.004237
       1.180000       0.149834      -0.004119
       1.200000       0.149185      -0.004003
       1.220000       0.150701      -0.003903
       1.240000       0.146970      -0.003802
       1.260000       0.146798      -0.003719
       1.280000       0.147225      -0.003643
       1.300000       0.149756      -0.003576
       1.320000       0.149296      -0.003509
       1.340000       0.146304      -0.003443
       1.360000       0.145664      -0.003385
       1.380000       0.143130      -0.003330
       1.400000       0.145228      -0.003283
       1.420000       0.146156      -0.003239
       1.440000       0.140791      -0.003195
       1.460000       0.139563      -0.003162
       1.480000       0.133591      -0.003134
       1.500000       0.128231      -0.003115
       1.520000       0.127873      -0.003105
       1.540000       0.118853      -0.003100
       1.560000       0.107999      -0.003108
       1.580000       0.109805      -0.003129
       1.600000       0.105689      -0.003152
       1.620000       0.105750      -0.003178
       1.640000       0.105891      -0.003208
       1.660000       0.104347      -0.003234
       1.680000       0.099424      -0.003261
       1.700000       0.093799      -0.003271
       1.720000       0.093333      -0.003283
       1.740000       0.087209      -0.003283
       1.760000       0.086851      -0.003294
       1.780000       0.092691      -0.003301
       1.800000       0.093598      -0.003307
       1.820000       0.088561      -0.003313
       1.840000       0.091325      -0.003323
       1.860000       0.090031      -0.003336
       1.880000       0.091285      -0.003347
       1.900000       0.090575      -0.003357
       1.920000       0.086852      -0.003367
       1.940000       0.087763      -0.003378
       1.960000       0.085274      -0.003383
       1.980000       0.086443      -0.003388
       2.000000       0.090678      -0.003392
       2.020000       0.095229      -0.003392
       2.040000       0.093108      -0.003380
       2.060000       0.091053      -0.003365
       2.080000       0.095744      -0.003353
       2.100000       0.099769      -0.003327
       2.120000       0.093328      -0.003279
       2.140000       0.095032      -0.003242
       2.160000       0.102011      -0.003203
       2.180000       0.110572      -0.003167
       2.200000       0.106709      -0.003121
       2.220000       0.104798      -0.003078
       2.240000       0.110830      -0.003052
       2.260000       0.118642      -0.003026
       2.280000       0.116555      -0.002989
       2.300000       0.114672      -0.002955
       2.320000       0.115092      -0.002922
       2.340000       0.111148      -0.002884
       2.360000       0.114819      -0.002855
       2.380000       0.117495      -0.002826
       2.400000       0.112864      -0.002788
       2.420000       0.119195      -0.002763
       2.440000       0.124338      -0.002740
       2.460000       0.121881      -0.002706
       2.480000       0.126282      -0.002683
       2.500000       0.122947      -0.002651
       2.520000       0.123398      -0.002628
       2.540000       0.126416      -0.002604
       2.560000       0.126430      -0.002577
       2.580000       0.131523      -0.002562
       2.600000       0.127244      -0.002531
       2.620000       0.127387      -0.002508
       2.640000       0.129556      -0.002488
       2.660000       0.129935      -0.002468
       2.680000       0.131541      -0.002455
       2.700000       0.130176      -0.002437
       2.720000       0.132330      -0.002427
       2.740000       0.126360      -0.002407
       2.760000       0.128387      -0.002397
       2.780000       0.121702      -0.002382
       2.800000       0.126413      -0.002378
       2.820000       0.128931      -0.002370
       2.840000       0.124656      -0.002353
       2.860000       0.136625      -0.002346
       2.880000       0.147499      -0.002339
       2.900000       0.174866      -0.002349
       2.920000       0.218019      -0.002378
       2.940000       0.245826      -0.002396
       2.960000       0.204087      -0.002362
       2.980000       0.148367      -0.002318
       3.000000       0.136636      -0.002307
       3.020000       0.121585      -0.002290
       3.040000       0.121189      -0.002286
       3.060000       0.127604      -0.002293
       3.080000       0.121100      -0.002290
       3.100000       0.113814      -0.002290
       3.120000       0.115109      -0.002297
       3.140000       0.116589      -0.002307
       3.160000       0.110792      -0.002313
       3.180000       0.114633      -0.002327
       3.200000       0.111155      -0.002335
       3.220000       0.108470      -0.002341
       3.240000       0.105424      -0.002351
       3.260000       0.106444      -0.002343
       3.280000       0.105298      -0.002337
       3.300000       0.109102      -0.002331
       3.320000       0.101718      -0.002316
       3.340000       0.105396      -0.002309
       3.360000       0.104910      -0.002299
       3.380000       0.105781      -0.002291
       3.400000       0.105140      -0.002283
       3.420000       0.106109      -0.002271
       3.440000       0.103359      -0.002259
       3.460000       0.104565      -0.002250
       3.480000       0.101177      -0.002239
       3.500000       0.103244      -0.002227
       3.520000       0.106424      -0.002222
       3.540000       0.105805      -0.002211
       3.560000       0.108758      -0.002207
       3.580000       0.108687      -0.002195
       3.600000       0.106536      -0.002184
       3.620000       0.106201      -0.002172
       3.640000       0.103792      -0.002160
       3.660000       0.108453      -0.002153
       3.680000       0.108823      -0.002142
       3.700000       0.107275      -0.002133
       3.720000       0.105841      -0.002122
       3.740000       0.107260      -0.002111
       3.760000       0.112184      -0.002105
       3.780000       0.107849      -0.002093
       3.800000       0.111227      -0.002084
       3.820000       0.111271      -0.002076
       3.840000       0.108785      -0.002063
       3.860000       0.108468      -0.002054
       3.880000       0.110123      -0.002042
       3.900000       0.109787      -0.002034
       3.920000       0.104253      -0.002023
       3.940000       0.107641      -0.002014
       3.960000       0.106960      -0.002005
       3.980000       0.106125      -0.001997
       4.000000       0.105362      -0.001988
       4.020000       0.102621      -0.001982
       4.040000       0.104729      -0.001979
       4.060000       0.108868      -0.001980
       4.080000       0.113642      -0.001985
       4.100000       0.111197      -0.001983
       4.120000       0.114260      -0.001980
       4.140000       0.128304      -0.001981
       4.160000       0.129283      -0.001969
       4.180000       0.113029      -0.001943
       4.200000       0.114209      -0.001920
       4.220000       0.110572      -0.001883
       4.240000       0.116790      -0.001842
       4.260000       0.119905      -0.001793
       4.280000       0.115854      -0.001743
       4.300000       0.118590      -0.001710
       4.320000       0.123723      -0.001692
       4.340000       0.111641      -0.001670
       4.360000       0.103390      -0.001661
       4.380000       0.106375      -0.001665
       4.400000       0.107751      -0.001670
       4.420000       0.108752      -0.001672
       4.440000       0.108402      -0.001673
       4.460000       0.103886      -0.001669
       4.480000       0.100485      -0.001669
       4.500000       0.101074      -0.001673
       4.520000       0.104784      -0.001678
       4.540000       0.102742      -0.001682
       4.560000       0.103633      -0.001685
       4.580000       0.103992      -0.001687
       4.600000       0.103504      -0.001689
       4.620000       0.100292      -0.001689
       4.640000       0.102666      -0.001696
       4.660000       0.102685      -0.001700
       4.680000       0.105141      -0.001705
       4.700000       0.100174      -0.001706
       4.720000       0.100020      -0.001709
       4.740000       0.095771      -0.001711
       4.760000       0.093235      -0.001712
       4.780000       0.094446      -0.001716
       4.800000       0.092211      -0.001719
       4.820000       0.095052      -0.001726
       4.840000       0.094347      -0.001731
       4.860000       0.092241      -0.001733
       4.880000       0.090598      -0.001738
       4.900000       0.092979      -0.001745
       4.920000       0.092257      -0.001752
       4.940000       0.091292      -0.001756
       4.960000       0.094035      -0.001762
       4.980000       0.096996      -0.001767
       5.000000       0.093690      -0.001771
       5.020000       0.101024      -0.001782
       5.040000       0.107431      -0.001793
       5.060000       0.142002      -0.001821
       5.080000       0.206843      -0.001870
       5.100000       0.155826      -0.001844
       5.120000       0.103757      -0.001819
       5.140000       0.087623      -0.001815
       5.160000       0.084427      -0.001820
       5.180000       0.085288      -0.001828
       5.200000       0.086405      -0.001832
       5.220000       0.082002      -0.001838
       5.240000       0.081406      -0.001842
       5.260000       0.084401      -0.001851
       5.280000       0.078128      -0.001852
       5.300000       0.082109      -0.001859
       5.320000       0.082479      -0.001865
       5.340000       0.077528      -0.001866
       5.360000       0.079273      -0.001873
       5.380000       0.080659      -0.001879
       5.400000       0.074056      -0.001881
       5.420000       0.075788      -0.001888
       5.440000       0.074794      -0.001892
       5.460000       0.076703      -0.001902
       5.480000       0.077183      -0.001909
       5.500000       0.076985      -0.001912
       5.520000       0.074044      -0.001915
       5.540000       0.073593      -0.001921
       5.560000       0.072684      -0.001926
       5.580000       0.068154      -0.001930
       5.600000       0.067725      -0.001937
       5.620000       0.071802      -0.001945
       5.640000       0.069600      -0.001954
       5.660000       0.068065      -0.001959
       5.680000       0.068833      -0.001968
       5.700000       0.066628      -0.001974
       5.720000       0.067028      -0.001979
       5.740000       0.066228      -0.001987
       5.760000       0.064485      -0.001992
       5.780000       0.066621      -0.002003
       5.800000       0.065481      -0.002008
       5.820000       0.068305      -0.002016
       5.840000       0.072298      -0.002027
       5.860000       0.079696      -0.002040
       5.880000       0.081886      -0.002049
       5.900000       0.064857      -0.002044
       5.920000       0.060522      -0.002048
       5.940000       0.058927      -0.002052
       5.960000       0.060636      -0.002063
       5.980000       0.059353      -0.002068
       6.000000       0.057135      -0.002074
       6.020000       0.053660      -0.002080
       6.040000       0.055610      -0.002089
       6.060000       0.054409      -0.002097
       6.080000       0.055164      -0.002106
       6.100000       0.056151      -0.002116
       6.120000       0.055551      -0.002123
       6.140000       0.053419      -0.002129
       6.160000       0.053763      -0.002137
       6.180000       0.050604      -0.002139
       6.200000       0.047213      -0.002145
       6.220000       0.054346      -0.002155
       6.240000       0.054877      -0.002161
       6.260000       0.050179      -0.002162
       6.280000       0.049270      -0.002167
       6.300000       0.050431      -0.002176
       6.320000       0.050983      -0.002183
       6.340000       0.051665      -0.002189
       6.360000       0.048953      -0.002194
       6.380000       0.048900      -0.002199
       6.400000       0.050793      -0.002207
       6.420000       0.046297      -0.002211
       6.440000       0.049263      -0.002218
       6.460000       0.041922      -0.002217
       6.480000       0.046801      -0.002231
       6.500000       0.052210      -0.002240
       6.520000       0.055960      -0.002248
       6.540000       0.072489      -0.002268
       6.560000       0.093857      -0.002292
       6.580000       0.071116      -0.002280
       6.600000       0.050617      -0.002271
       6.620000       0.044807      -0.002275
       6.640000       0.040429      -0.002279
       6.660000       0.045918      -0.002289
       6.680000       0.042240      -0.002297
       6.700000       0.040696      -0.002303
       6.720000       0.038087      -0.002309
       6.740000       0.039440      -0.002317
       6.760000       0.039907      -0.002326
       6.780000       0.041462      -0.002337
       6.800000       0.039532      -0.002344
       6.820000       0.040073      -0.002352
       6.840000       0.039395      -0.002362
       6.860000       0.042982      -0.002370
       6.880000       0.040669      -0.002374
       6.900000       0.037574      -0.002378
       6.920000       0.037078      -0.002385
       6.940000       0.035187      -0.002388
       6.960000       0.039076      -0.002398
       6.980000       0.038112      -0.002406
       7.000000       0.039039      -0.002413
       7.020000       0.035203      -0.002415
       7.040000       0.036646      -0.002424
       7.060000       0.038536      -0.002432
       7.080000       0.040122      -0.002439
       7.100000       0.038339      -0.002444
       7.120000       0.042189      -0.002452
       7.140000       0.042092      -0.002459
       7.160000       0.047002      -0.002468
       7.180000       0.052988      -0.002480
       7.200000       0.054758      -0.002489
       7.220000       0.043185      -0.002481
       7.240000       0.038937      -0.002486
       7.260000       0.039531      -0.002490
       7.280000       0.036863      -0.002495
       7.300000       0.040907      -0.002503
       7.320000       0.033860      -0.002504
       7.340000       0.036348      -0.002511
       7.360000       0.035580      -0.002515
       7.380000       0.033616      -0.002518
       7.400000       0.033567      -0.002529
       7.420000       0.036093      -0.002534
       7.440000       0.034045      -0.002540
       7.460000       0.031112      -0.002543
       7.480000       0.036300      -0.002554
       7.500000       0.034120      -0.002559
       7.520000       0.030920      -0.002562
       7.540000       0.034738      -0.002575
       7.560000       0.037172      -0.002579
       7.580000       0.033161      -0.002584
       7.600000       0.033638      -0.002589
       7.620000       0.033744      -0.002593
       7.640000       0.030833      -0.002594
       7.660000       0.034865      -0.002605
       7.680000       0.035503      -0.002610
       7.700000       0.036909      -0.002621
       7.720000       0.045159      -0.002632
       7.740000       0.055412      -0.002644
       7.760000       0.079713      -0.002673
       7.780000       0.076448      -0.002671
       7.800000       0.046836      -0.002649
       7.820000       0.035367      -0.002645
       7.840000       0.034514      -0.002652
       7.860000       0.027521      -0.002652
       7.880000       0.030031      -0.002662
       7.900000       0.027413      -0.002665
       7.920000       0.026405      -0.002672
       7.940000       0.031278      -0.002683
       7.960000       0.028530      -0.002688
       7.980000       0.031428      -0.002701
       8.000000       0.025793      -0.002704
       8.020000       0.026343      -0.002708
       8.040000       0.026946      -0.002713
       8.059999       0.029943      -0.002720
       8.080000       0.031739      -0.002729
       8.099999       0.030834      -0.002729
       8.120000       0.028808      -0.002733
       8.139999       0.029719      -0.002738
       8.160000       0.028921      -0.002741
       8.179999       0.026073      -0.002742
       8.200000       0.032284      -0.002754
       8.220000       0.029574      -0.002756
       8.240000       0.026099      -0.002758
       8.260000       0.028198      -0.002762
       8.280000       0.027777      -0.002768
       8.300000       0.030939      -0.002769
       8.320000       0.025004      -0.002768
       8.340000       0.024227      -0.002771
       8.360000       0.022633      -0.002783
       8.380000       0.026429      -0.002791
       8.400000       0.020337      -0.002791
       8.420000       0.022659      -0.002798
       8.440000       0.024498      -0.002803
       8.460000       0.021579      -0.002805
       8.480000       0.024434      -0.002813
       8.500000       0.022034      -0.002817
       8.520000       0.022225      -0.002825
       8.540000       0.024788      -0.002837
       8.559999       0.023479      -0.002837
       8.580000       0.024441      -0.002842
       8.599999       0.021861      -0.002845
       8.620000       0.023008      -0.002847
       8.639999       0.024638      -0.002853
       8.660000       0.024191      -0.002859
       8.679999       0.028125      -0.002867
       8.700000       0.022821      -0.002866
       8.720000       0.019759      -0.002866
       8.740000       0.026101      -0.002877
       8.760000       0.026405      -0.002882
       8.780000       0.029939      -0.002887
       8.800000       0.040739      -0.002905
       8.820000       0.038973      -0.002904
       8.840000       0.030403      -0.002896
       8.860000       0.021549      -0.002898
       8.880000       0.019307      -0.002900
       8.900000       0.018849      -0.002907
       8.920000       0.020564      -0.002915
       8.940000       0.020547      -0.002919
       8.960000       0.020665      -0.002919
       8.980000       0.017178      -0.002922
       9.000000       0.013197      -0.002924
       9.020000       0.018617      -0.002938
       9.040000       0.016825      -0.002943
       9.059999       0.022758      -0.002951
       9.080000       0.021705      -0.002957
       9.099999       0.019681      -0.002959
       9.120000       0.016222      -0.002960
       9.139999       0.017692      -0.002965
       9.160000       0.020248      -0.002973
       9.179999       0.019365      -0.002977
       9.200000       0.017219      -0.002981
       9.220000       0.016876      -0.002977
       9.240000       0.016420      -0.002980
       9.260000       0.018589      -0.002984
       9.280000       0.022459      -0.002990
       9.300000       0.018299      -0.002987
       9.320000       0.015913      -0.002991
       9.340000       0.015236      -0.003004
       9.360000       0.015558      -0.003011
       9.380000       0.017989      -0.003020
       9.400000       0.019058      -0.003027
       9.420000       0.016916      -0.003030
       9.440000       0.014169      -0.003026
       9.460000       0.018296      -0.003037
       9.480000       0.013223      -0.003036
       9.500000       0.020166      -0.003050
       9.520000       0.021058      -0.003053
       9.540000       0.014193      -0.003052
       9.559999       0.011363      -0.003052
       9.580000       0.009764      -0.003052
       9.599999       0.016138      -0.003061
       9.620000       0.016829      -0.003069
       9.639999       0.012351      -0.003066
       9.660000       0.015019      -0.003078
       9.679999       0.019907      -0.003083
       9.700000       0.012359      -0.003078
       9.719999       0.020848      -0.003088
       9.740000       0.020105      -0.003090
       9.760000       0.015788      -0.003086
       9.780000       0.011324      -0.003089
       9.800000       0.014070      -0.003096
       9.820000       0.013232      -0.003107
       9.840000       0.010691      -0.003109
       9.860000       0.007969      -0.003111
       9.880000       0.009791      -0.003122
       9.900000       0.010622      -0.003129
       9.920000       0.014334      -0.003138
       9.940000       0.009761      -0.003136
       9.960000       0.010720      -0.003140
       9.980000       0.014445      -0.003150
      10.000000       0.014395      -0.003152
      10.020000       0.013323      -0.003159
      10.040000       0.012662      -0.003165
      10.059999       0.009693      -0.003163
      10.080000       0.014820      -0.003175
      10.099999       0.013905      -0.003176
      10.120000       0.008178      -0.003169
      10.139999       0.008537      -0.003173
      10.160000       0.009638      -0.003172
      10.179999       0.006178      -0.003170
      10.200000       0.008460      -0.003181
      10.219999       0.014858      -0.003193
      10.240000       0.007012      -0.003200
      10.260000       0.007471      -0.003206
      10.280000       0.009731      -0.003212
      10.300000       0.012781      -0.003225
      10.320000       0.009557      -0.003224
      10.340000       0.009017      -0.003226
      10.360000       0.012047      -0.003231
      10.380000       0.006779      -0.003228
      10.400000       0.007057      -0.003240
      10.420000       0.010717      -0.003245
      10.440000       0.010247      -0.003252
      10.460000       0.009283      -0.003258
      10.480000       0.014135      -0.003267
      10.500000       0.013067      -0.003270
      10.520000       0.020576      -0.003277
      10.540000       0.014185      -0.003264
      10.559999       0.020089      -0.003270
      10.580000       0.026002      -0.003280
      10.599999       0.018577      -0.003273
      10.620000       0.011653      -0.003272
      10.639999       0.006337      -0.003274
      10.660000       0.007392      -0.003282
      10.679999       0.007330      -0.003291
      10.700000       0.009410      -0.003306
      10.719999       0.008678      -0.003311
      10.740000       0.003397      -0.003308
      10.760000       0.009991      -0.003315
      10.780000       0.008304      -0.003320
      10.800000       0.006977      -0.003321
      10.820000       0.004078      -0.003327
      10.840000       0.003752      -0.003334
      10.860000       0.006442      -0.003344
      10.880000       0.004485      -0.003343
      10.900000       0.008150      -0.003349
      10.920000       0.012293      -0.003353
      10.940000       0.011333      -0.003358
      10.960000       0.008105      -0.003361
      10.980000       0.004842      -0.003359
      11.000000       0.006697      -0.003364
      11.020000       0.008605      -0.003372
      11.040000       0.004690      -0.003376
      11.059999       0.010727      -0.003381
      11.080000       0.008031      -0.003389
      11.099999       0.014649      -0.003396
      11.120000       0.014296      -0.003399
      11.139999       0.008843      -0.003398
      11.160000       0.007576      -0.003406
      11.179999       0.009268      -0.003410
      11.200000       0.009732      -0.003415
      11.219999       0.009485      -0.003421
      11.240000       0.006613      -0.003423
      11.259999       0.010414      -0.003429
      11.280000       0.012203      -0.003433
      11.300000       0.010477      -0.003430
      11.320000       0.011108      -0.003437
      11.340000       0.012825      -0.003435
      11.360000       0.012092      -0.003433
      11.380000       0.008416      -0.003423
      11.400000       0.006067      -0.003431
      11.420000       0.003936      -0.003438
      11.440000       0.008083      -0.003458
      11.460000       0.006293      -0.003467
      11.480000       0.017027      -0.003481
      11.500000       0.013763      -0.003476
      11.520000       0.004545      -0.003478
      11.540000       0.001862      -0.003475
      11.559999       0.004149      -0.003481
      11.580000       0.008395      -0.003490
      11.599999       0.009977      -0.003503
      11.620000       0.010853      -0.003508
      11.639999       0.009602      -0.003506
      11.660000       0.009635      -0.003519
      11.679999       0.004836      -0.003512
      11.700000       0.009454      -0.003518
      11.719999       0.011590      -0.003525
      11.740000       0.014258      -0.003539
      11.759999       0.013620      -0.003539
      11.780000       0.006425      -0.003535
      11.800000       0.010421      -0.003549
      11.820000       0.006513      -0.003539
      11.840000       0.001286      -0.003541
      11.860000       0.011819      -0.003558
      11.880000       0.004641      -0.003553
      11.900000       0.008852      -0.003559
      11.920000       0.003669      -0.003562
      11.940000       0.006991      -0.003561
      11.960000       0.012094      -0.003571
      11.980000       0.012645      -0.003575
      12.000000       0.011023      -0.003584
      12.020000       0.013800      -0.003592
      12.040000       0.015485      -0.003596
      12.059999       0.011264      -0.003594
      12.080000       0.007721      -0.003591
      12.099999       0.009636      -0.003592
      12.120000       0.009297      -0.003595
      12.139999       0.007264      -0.003594
      12.160000       0.002857      -0.003599
      12.179999       0.005722      -0.003609
      12.200000       0.008869      -0.003620
      12.219999       0.006091      -0.003622
      12.240000       0.014437      -0.003636
      12.259999       0.009009      -0.003633
      12.280000       0.008118      -0.003634
      12.300000       0.006023      -0.003635
      12.320000       0.008282      -0.003647
      12.340000       0.005458      -0.003644
      12.360000       0.009412      -0.003650
      12.380000       0.010275      -0.003658
      12.400000       0.002647      -0.003649
      12.420000       0.009017      -0.003660
      12.440000       0.006319      -0.003660
      12.460000       0.010328      -0.003670
      12.480000       0.010725      -0.003665
      12.500000       0.010093      -0.003667
      12.520000       0.009404      -0.003674
      12.540000       0.008270      -0.003682
      12.559999       0.004326      -0.003678
      12.580000       0.004287      -0.003684
      12.599999       0.001583      -0.003685
      12.620000       0.003930      -0.003696
      12.639999       0.003497      -0.003691
      12.660000       0.008237      -0.003697
      12.679999       0.010131      -0.003704
      12.700000       0.013391      -0.003708
      12.719999       0.010138      -0.003716
      12.740000       0.005918      -0.003710
      12.759999       0.007800      -0.003709
      12.780000       0.011254      -0.003721
      12.799999       0.009580      -0.003721
      12.820000       0.010193      -0.003725
      12.840000       0.002763      -0.003721
      12.860000      -0.003837      -0.003722
      12.880000       0.006114      -0.003736
      12.900000       0.007548      -0.003742
      12.920000       0.004786      -0.003748
      12.940000       0.007176      -0.003752
      12.960000       0.009808      -0.003759
      12.980000       0.009300      -0.003761
      13.000000       0.008952      -0.003765
      13.020000       0.007198      -0.003769
      13.040000       0.005399      -0.003769
      13.059999       0.003536      -0.003775
      13.080000       0.010355      -0.003782
      13.099999       0.004062      -0.003769
      13.120000       0.002588      -0.003771
      13.139999       0.003623      -0.003772
      13.160000       0.004883      -0.003783
      13.179999       0.011229      -0.003792
      13.200000       0.006476      -0.003796
      13.219999       0.000889      -0.003795
      13.240000       0.003638      -0.003794
      13.259999       0.006799      -0.003803
      13.280000       0.006961      -0.003810
      13.299999       0.011064      -0.003815
      13.320000       0.009159      -0.003814
      13.340000       0.005817      -0.003818
      13.360000       0.003668      -0.003822
      13.380000       0.002303      -0.003820
      13.400000       0.000969      -0.003818
      13.420000       0.006830      -0.003827
      13.440000       0.004229      -0.003824
      13.460000       0.005484      -0.003826
      13.480000       0.004618      -0.003829
      13.500000       0.001849      -0.003832
      13.520000       0.002726      -0.003836
      13.540000       0.000122      -0.003837
      13.559999       0.005590      -0.003854
      13.580000       0.008718      -0.003856
      13.599999       0.007713      -0.003862
      13.620000       0.009220      -0.003867
      13.639999       0.004290      -0.003862
      13.660000       0.000984      -0.003859
      13.679999       0.001421      -0.003864
      13.700000       0.011038      -0.003882
      13.719999       0.006721      -0.003883
      13.740000       0.007988      -0.003881
      13.759999       0.007702      -0.003884
      13.780000      -0.002216      -0.003875
      13.799999      -0.004672      -0.003876
      13.820000       0.000444      -0.003884
      13.840000       0.003940      -0.003894
      13.860000      -0.001377      -0.003891
      13.880000       0.006261      -0.003902
      13.900000       0.005570      -0.003904
      13.920000       0.002319      -0.003909
      13.940000       0.005389      -0.003916
      13.960000       0.003275      -0.003916
      13.980000       0.002502      -0.003921
      14.000000       0.003265      -0.003929
      14.020000       0.004048      -0.003933
      14.040000       0.009444      -0.003938
      14.059999       0.007800      -0.003938
      14.080000       0.008016      -0.003940
      14.099999       0.007252      -0.003944
      14.120000       0.002282      -0.003939
      14.139999       0.008770      -0.003950
      14.160000       0.003973      -0.003954
      14.179999       0.002690      -0.003957
      14.200000       0.002474      -0.003955
      14.219999       0.000161      -0.003959
      14.240000       0.001332      -0.003963
      14.259999       0.001767      -0.003970
      14.280000       0.009756      -0.003981
      14.299999       0.009668      -0.003986
      14.320000       0.006356      -0.003986
      14.340000       0.003643      -0.003979
      14.360000       0.003621      -0.003979
      14.380000       0.005023      -0.003982
      14.400000       0.005803      -0.003988
      14.420000      -0.000439      -0.003987
      14.440000       0.002147      -0.003991
      14.460000       0.005914      -0.004005
      14.480000      -0.001960      -0.003997
      14.500000       0.003725      -0.004002
      14.520000       0.002596      -0.004003
      14.540000       0.005287      -0.004001
      14.559999       0.000589      -0.004002
      14.580000       0.003927      -0.004012
      14.599999       0.004897      -0.004020
      14.620000       0.003168      -0.004020
      14.639999       0.007057      -0.004027
      14.660000       0.008680      -0.004024
      14.679999       0.008751      -0.004017
      14.700000       0.006135      -0.004021
      14.719999      -0.000494      -0.004020
      14.740000       0.002054      -0.004032
      14.759999      -0.002113      -0.004027
      14.780000       0.002017      -0.004041
      14.799999      -0.001767      -0.004048
      14.820000       0.004323      -0.004051
      14.839999      -0.000093      -0.004052
      14.860000      -0.000907      -0.004052
      14.880000       0.006854      -0.004059
      14.900000       0.004890      -0.004063
      14.920000       0.007609      -0.004073
      14.940000       0.005942      -0.004071
      14.960000       0.004357      -0.004076
      14.980000       0.000860      -0.004070
      15.000000      -0.001257      -0.004073
      15.020000      -0.002294      -0.004077
      15.040000       0.004219      -0.004088
      15.059999       0.000758      -0.004077
      15.080000       0.008505      -0.004092
      15.099999       0.001203      -0.004085
      15.120000       0.002065      -0.004095
      15.139999      -0.002391      -0.004096
      15.160000      -0.000419      -0.004104
      15.179999       0.009308      -0.004122
      15.200000       0.011748      -0.004133
      15.219999       0.003512      -0.004119
      15.240000       0.002839      -0.004112
      15.259999       0.005046      -0.004124
      15.280000      -0.003095      -0.004116
      15.299999       0.004867      -0.004126
      15.320000       0.009266      -0.004143
      15.339999       0.001664      -0.004136
      15.360000       0.003005      -0.004140
      15.380000      -0.003610      -0.004129
      15.400000       0.003623      -0.004146
      15.420000       0.005184      -0.004151
      15.440000       0.000673      -0.004146
      15.460000       0.000328      -0.004152
      15.480000      -0.005208      -0.004156
      15.500000       0.003425      -0.004165
      15.520000       0.010907      -0.004174
      15.540000       0.002171      -0.004167
      15.559999       0.006109      -0.004180
      15.580000       0.005946      -0.004180
      15.599999       0.007697      -0.004185
      15.620000       0.012722      -0.004200
      15.639999       0.004198      -0.004195
      15.660000       0.005684      -0.004198
      15.679999       0.001220      -0.004195
      15.700000       0.003506      -0.004199
      15.719999      -0.001800      -0.004194
      15.740000       0.003489      -0.004214
      15.759999       0.002590      -0.004211
      15.780000       0.007970      -0.004232
      15.799999       0.004527      -0.004221
      15.820000      -0.003127      -0.004217
      15.839999       0.000184      -0.004223
      15.860000      -0.001106      -0.004220
      15.880000      -0.002340      -0.004223
      15.900000       0.001899      -0.004239
      15.920000      -0.000156      -0.004241
      15.940000       0.000084      -0.004244
      15.960000      -0.000507      -0.004244
      15.980000       0.008361      -0.004256
      16.000000       0.001721      -0.004258
      16.020000       0.006823      -0.004271
      16.039999       0.006794      -0.004267
      16.059999       0.000399      -0.004260
      16.080000      -0.001644      -0.004270
      16.100000       0.010399      -0.004287
      16.119999       0.010584      -0.004289
      16.139999      -0.000243      -0.004272
      16.160000      -0.000220      -0.004283
      16.180000       0.004614      -0.004291
      16.199999       0.002251      -0.004292
      16.219999       0.006899      -0.004291
      16.240000       0.005685      -0.004299
      16.260000       0.008603      -0.004306
      16.279999       0.003075      -0.004307
      16.299999       0.007113      -0.004312
      16.320000       0.002729      -0.004304
      16.340000       0.000611      -0.004299
      16.359999      -0.002190      -0.004306
      16.379999       0.002002      -0.004306
      16.400000      -0.000872      -0.004314
      16.420000       0.003859      -0.004324
      16.440001      -0.002181      -0.004320
      16.459999      -0.005341      -0.004323
      16.480000       0.005182      -0.004342
      16.500000      -0.006208      -0.004322
      16.520000      -0.003056      -0.004331
      16.539999      -0.001016      -0.004340
      16.559999      -0.000910      -0.004346
      16.580000       0.000821      -0.004354
      16.600000      -0.001150      -0.004355
      16.619999       0.001911      -0.004358
      16.639999      -0.004675      -0.004348
      16.660000      -0.000933      -0.004368
      16.680000      -0.005872      -0.004367
      16.699999      -0.001193      -0.004371
      16.719999       0.004034      -0.004390
      16.740000      -0.000043      -0.004386
      16.760000       0.000677      -0.004391
      16.779999      -0.002837      -0.004379
      16.799999      -0.003782      -0.004385
      16.820000      -0.003506      -0.004386
      16.840000      -0.002690      -0.004386
      16.859999       0.000090      -0.004399
      16.879999       0.005771      -0.004417
      16.900000       0.002873      -0.004407
      16.920000       0.007728      -0.004425
      16.940001      -0.002750      -0.004408
      16.959999       0.001806      -0.004417
      16.980000       0.007923      -0.004429
      17.000000       0.006011      -0.004436
      17.020000       0.001823      -0.004439
      17.039999       0.000059      -0.004448
      17.059999       0.002699      -0.004449
      17.080000      -0.003329      -0.004444
      17.100000      -0.001227      -0.004451
      17.119999       0.005668      -0.004459
      17.139999       0.000565      -0.004456
      17.160000       0.000604      -0.004463
      17.180000      -0.003546      -0.004470
      17.199999       0.003910      -0.004483
      17.219999       0.001576      -0.004482
      17.240000       0.006393      -0.004492
      17.260000      -0.000715      -0.004485
      17.279999       0.001944      -0.004490
      17.299999      -0.000964      -0.004489
      17.320000      -0.008341      -0.004481
      17.340000      -0.012620      -0.004476
      17.359999       0.003610      -0.004505
      17.379999      -0.001703      -0.004504
      17.400000      -0.003355      -0.004495
      17.420000      -0.002365      -0.004503
      17.440001       0.005325      -0.004523
      17.459999      -0.001137      -0.004527
      17.480000      -0.000705      -0.004529
      17.500000       0.006550      -0.004539
      17.520000      -0.002716      -0.004535
      17.539999      -0.000833      -0.004540
      17.559999       0.000695      -0.004541
      17.580000      -0.001937      -0.004541
      17.600000      -0.003467      -0.004548
      17.619999      -0.002628      -0.004560
      17.639999       0.001679      -0.004568
      17.660000       0.000573      -0.004571
      17.680000       0.006806      -0.004578
      17.699999       0.003420      -0.004589
      17.719999       0.002091      -0.004588
      17.740000      -0.001986      -0.004584
      17.760000      -0.004338      -0.004597
      17.779999      -0.002322      -0.004587
      17.799999       0.006475      -0.004601
      17.820000      -0.005985      -0.004584
      17.840000       0.000264      -0.004593
      17.859999      -0.002014      -0.004593
      17.879999      -0.001291      -0.004597
      17.900000      -0.003034      -0.004602
      17.920000       0.001292      -0.004616
      17.940001       0.002796      -0.004624
      17.959999       0.005319      -0.004629
      17.980000      -0.005103      -0.004627
      18.000000       0.000049      -0.004642
      18.020000       0.002075      -0.004653
      18.039999       0.001363      -0.004650
      18.059999       0.004867      -0.004663
      18.080000       0.004481      -0.004658
      18.100000      -0.000286      -0.004662
      18.119999      -0.001923      -0.004666
      18.139999      -0.000198      -0.004673
      18.160000      -0.001723      -0.004678
      18.180000       0.002415      -0.004682
      18.199999       0.003265      -0.004685
      18.219999      -0.003087      -0.004681
      18.240000      -0.002690      -0.004701
      18.260000      -0.005906      -0.004688
      18.279999      -0.001669      -0.004698
      18.299999       0.000140      -0.004704
      18.320000       0.000163      -0.004707
      18.340000      -0.002558      -0.004705
      18.359999      -0.005530      -0.004708
      18.379999      -0.005829      -0.004716
      18.400000      -0.006066      -0.004716
      18.420000      -0.004503      -0.004720
      18.440001      -0.005094      -0.004727
      18.459999      -0.005028      -0.004740
      18.480000      -0.002393      -0.004738
      18.500000       0.003820      -0.004752
      18.520000      -0.007177      -0.004745
      18.539999      -0.008525      -0.004746
      18.559999      -0.005838      -0.004755
      18.580000       0.000304      -0.004766
      18.600000      -0.001729      -0.004765
      18.619999      -0.002654      -0.004770
      18.639999       0.000510      -0.004788
      18.660000      -0.010813      -0.004787
      18.680000      -0.002682      -0.004787
      18.699999      -0.007906      -0.004784
      18.719999      -0.004833      -0.004789
      18.740000      -0.005221      -0.004797
      18.760000      -0.004249      -0.004803
      18.779999      -0.003821      -0.004802
      18.799999      -0.009743      -0.004797
      18.820000      -0.005051      -0.004822
      18.840000       0.001774      -0.004832
      18.859999       0.001937      -0.004835
      18.879999      -0.009486      -0.004822
      18.900000      -0.007295      -0.004832
      18.920000       0.005194      -0.004843
      18.939999      -0.001208      -0.004838
      18.959999      -0.003968      -0.004840
      18.980000      -0.001884      -0.004844
      19.000000      -0.001694      -0.004866
      19.020000      -0.002495      -0.004857
      19.039999       0.001226      -0.004871
      19.059999      -0.001342      -0.004865
      19.080000      -0.003855      -0.004863
      19.100000      -0.007569      -0.004860
      19.119999      -0.006221      -0.004874
      19.139999      -0.001722      -0.004876
      19.160000       0.003287      -0.004890
      19.180000       0.004653      -0.004906
      19.199999       0.007666      -0.004913
      19.219999      -0.005125      -0.004899
      19.240000      -0.008362      -0.004901
      19.260000      -0.000714      -0.004907
      19.279999      -0.008705      -0.004896
      19.299999      -0.010964      -0.004897
      19.320000      -0.008574      -0.004913
      19.340000      -0.004765      -0.004934
      19.359999      -0.005647      -0.004940
      19.379999      -0.000977      -0.004935
      19.400000       0.002443      -0.004939
      19.420000      -0.007517      -0.004937
      19.439999      -0.009820      -0.004933
      19.459999      -0.009388      -0.004937
      19.480000      -0.003886      -0.004954
      19.500000      -0.004876      -0.004951
      19.520000      -0.003595      -0.004966
      19.539999      -0.007813      -0.004962
      19.559999      -0.006411      -0.004976
      19.580000      -0.005523      -0.004984
      19.600000      -0.001714      -0.004991
      19.619999      -0.001026      -0.005004
      19.639999       0.002315      -0.005005
      19.660000      -0.003868      -0.004990
      19.680000      -0.002483      -0.004989
      19.699999      -0.006708      -0.004993
      19.719999      -0.002518      -0.005006
      19.740000      -0.001627      -0.005005
      19.760000      -0.007518      -0.004994
      19.779999      -0.007531      -0.005014
      19.799999      -0.011888      -0.005006
      19.820000      -0.008355      -0.005025
      19.840000      -0.003620      -0.005048
      19.859999      -0.001967      -0.005065
      19.879999      -0.004819      -0.005062
      19.900000      -0.010451      -0.005050
      19.920000      -0.006820      -0.005059
      19.939999      -0.006209      -0.005050
      19.959999      -0.011700      -0.005028
      19.980000      -0.014530      -0.005027
      20.000000      -0.007503      -0.005056
      20.020000      -0.006041      -0.005067
      20.039999      -0.003732      -0.005088
      20.059999      -0.000046      -0.005104
      20.080000      -0.001903      -0.005104
      20.100000      -0.005630      -0.005100
      20.119999      -0.009512      -0.005091
      20.139999      -0.013311      -0.005096
      20.160000      -0.004080      -0.005115
      20.180000      -0.005296      -0.005112
      20.199999      -0.012248      -0.005117
      20.219999      -0.010617      -0.005122
      20.240000      -0.013004      -0.005120
      20.260000      -0.011866      -0.005120
      20.279999      -0.007147      -0.005140
      20.299999      -0.000967      -0.005162
      20.320000      -0.000757      -0.005152
      20.340000      -0.004028      -0.005146
      20.359999      -0.010672      -0.005136
      20.379999      -0.011175      -0.005132
      20.400000      -0.009666      -0.005141
      20.420000      -0.006152      -0.005158
      20.439999      -0.003175      -0.005174
      20.459999       0.000452      -0.005198
      20.480000      -0.001976      -0.005197
      20.500000      -0.015381      -0.005169
      20.520000      -0.014015      -0.005177
      20.539999      -0.008787      -0.005187
      20.559999      -0.000294      -0.005206
      20.580000      -0.000123      -0.005216
      20.600000      -0.003096      -0.005216
      20.619999      -0.001619      -0.005219
      20.639999      -0.002472      -0.005223
      20.660000      -0.002321      -0.005230
      20.680000      -0.004987      -0.005224
      20.699999      -0.002509      -0.005235
      20.719999      -0.000932      -0.005249
      20.740000      -0.004966      -0.005259
      20.760000      -0.005061      -0.005255
      20.779999      -0.008705      -0.005246
      20.799999      -0.007838      -0.005257
      20.820000      -0.001664      -0.005269
      20.840000       0.003131      -0.005288
      20.859999       0.002558      -0.005292
      20.879999      -0.001371      -0.005289
      20.900000       0.002146      -0.005301
      20.920000       0.002258      -0.005299
      20.939999      -0.008921      -0.005282
      20.959999      -0.007915      -0.005295
      20.980000      -0.001240      -0.005318
      21.000000      -0.000361      -0.005317
      21.020000       0.000840      -0.005318
      21.039999      -0.005752      -0.005314
      21.059999       0.000105      -0.005320
      21.080000      -0.000204      -0.005337
      21.100000      -0.002421      -0.005342
      21.119999       0.002136      -0.005346
      21.139999       0.007921      -0.005368
      21.160000       0.000042      -0.005352
      21.180000      -0.009866      -0.005351
      21.199999      -0.006286      -0.005358
      21.219999      -0.004730      -0.005363
      21.240000      -0.008309      -0.005359
      21.260000      -0.010070      -0.005365
      21.279999      -0.001519      -0.005375
      21.299999      -0.008065      -0.005359
      21.320000      -0.012199      -0.005356
      21.340000      -0.008030      -0.005366
      21.359999      -0.007205      -0.005377
      21.379999      -0.000612      -0.005404
      21.400000      -0.002484      -0.005408
      21.420000      -0.005746      -0.005397
      21.439999      -0.010832      -0.005400
      21.459999      -0.013250      -0.005403
      21.480000      -0.009151      -0.005409
      21.500000      -0.010333      -0.005420
      21.520000      -0.005744      -0.005433
      21.539999      -0.003584      -0.005444
      21.559999      -0.007186      -0.005439
      21.580000      -0.006999      -0.005446
      21.600000      -0.006335      -0.005443
      21.619999      -0.007507      -0.005428
      21.639999      -0.010178      -0.005439
      21.660000      -0.007648      -0.005466
      21.680000       0.000483      -0.005484
      21.699999      -0.011571      -0.005470
      21.719999      -0.005734      -0.005477
      21.740000      -0.003783      -0.005474
      21.760000      -0.005499      -0.005479
      21.779999      -0.007959      -0.005486
      21.799999      -0.016470      -0.005486
      21.820000      -0.017252      -0.005486
      21.840000      -0.010744      -0.005488
      21.859999      -0.015332      -0.005485
      21.879999      -0.020068      -0.005480
      21.900000      -0.013985      -0.005497
      21.920000      -0.009964      -0.005503
      21.939999      -0.012187      -0.005510
      21.959999      -0.005161      -0.005534
      21.980000      -0.000729      -0.005553
      22.000000      -0.003146      -0.005554
      22.020000      -0.005338      -0.005547
      22.039999      -0.001156      -0.005555
      22.059999      -0.006523      -0.005564
      22.080000      -0.012491      -0.005554
      22.100000      -0.008701      -0.005560
      22.119999      -0.007007      -0.005575
      22.139999      -0.002947      -0.005578
      22.160000      -0.010541      -0.005575
      22.180000      -0.013384      -0.005564
      22.199999      -0.003883      -0.005583
      22.219999      -0.006634      -0.005588
      22.240000      -0.008575      -0.005590
      22.260000       0.001119      -0.005612
      22.279999      -0.006690      -0.005605
      22.299999      -0.007714      -0.005596
      22.320000      -0.004959      -0.005604
      22.340000      -0.011538      -0.005608
      22.359999      -0.008860      -0.005626
      22.379999      -0.005240      -0.005632
      22.400000      -0.005033      -0.005641
      22.420000      -0.007235      -0.005645
      22.439999      -0.002596      -0.005653
      22.459999      -0.002907      -0.005655
      22.480000      -0.006106      -0.005657
      22.500000      -0.001171      -0.005668
      22.519999       0.001053      -0.005673
      22.539999      -0.003286      -0.005669
      22.559999      -0.004592      -0.005670
      22.580000      -0.016295      -0.005676
      22.600000      -0.010872      -0.005689
      22.619999      -0.008787      -0.005691
      22.639999      -0.005509      -0.005692
      22.660000      -0.003078      -0.005686
      22.680000      -0.006872      -0.005691
      22.699999      -0.000107      -0.005709
      22.719999      -0.004876      -0.005712
      22.740000      -0.007816      -0.005715
      22.760000      -0.004381      -0.005726
      22.779999      -0.005792      -0.005714
      22.799999      -0.005590      -0.005716
      22.820000      -0.015577      -0.005711
      22.840000      -0.007510      -0.005741
      22.859999      -0.009652      -0.005746
      22.879999       0.001558      -0.005763
      22.900000      -0.001362      -0.005756
      22.920000      -0.007106      -0.005762
      22.939999      -0.008181      -0.005750
      22.959999      -0.008676      -0.005740
      22.980000      -0.009925      -0.005753
      23.000000      -0.011844      -0.005755
      23.019999      -0.000484      -0.005776
      23.039999      -0.013150      -0.005774
      23.059999      -0.012672      -0.005784
      23.080000      -0.009359      -0.005786
      23.100000      -0.004992      -0.005812
      23.119999      -0.010925      -0.005804
      23.139999      -0.013935      -0.005812
      23.160000      -0.003212      -0.005828
      23.180000      -0.007729      -0.005816
      23.199999      -0.011780      -0.005821
      23.219999      -0.008350      -0.005830
      23.240000      -0.018293      -0.005815
      23.260000      -0.008974      -0.005834
      23.279999      -0.007911      -0.005823
      23.299999      -0.010575      -0.005829
      23.320000      -0.003441      -0.005853
      23.340000      -0.012613      -0.005853
      23.359999      -0.003555      -0.005871
      23.379999      -0.008081      -0.005890
      23.400000      -0.005377      -0.005882
      23.420000      -0.007544      -0.005885
      23.439999      -0.005158      -0.005897
      23.459999      -0.013180      -0.005872
      23.480000      -0.009029      -0.005879
      23.500000      -0.009585      -0.005895
      23.519999      -0.003421      -0.005904
      23.539999      -0.010959      -0.005895
      23.559999      -0.007645      -0.005908
      23.580000       0.004893      -0.005932
      23.600000      -0.000880      -0.005931
      23.619999      -0.002157      -0.005938
      23.639999      -0.011716      -0.005939
      23.660000      -0.008739      -0.005938
      23.680000      -0.010187      -0.005940
      23.699999      -0.004496      -0.005956
      23.719999      -0.016388      -0.005923
      23.740000      -0.014958      -0.005925
      23.760000      -0.014341      -0.005941
      23.779999      -0.010540      -0.005963
      23.799999      -0.013831      -0.005965
      23.820000      -0.011573      -0.005971
      23.840000       0.002287      -0.005997
      23.859999       0.000038      -0.005994
      23.879999      -0.005303      -0.005994
      23.900000      -0.011765      -0.006002
      23.920000      -0.009556      -0.005996
      23.939999      -0.009177      -0.006006
      23.959999      -0.014265      -0.006001
      23.980000      -0.003890      -0.006031
      24.000000      -0.008856      -0.006015
      24.019999      -0.007533      -0.006021
      24.039999      -0.013746      -0.006027
      24.059999      -0.010656      -0.006028
      24.080000      -0.011573      -0.006039
      24.100000      -0.005660      -0.006054
      24.119999      -0.002490      -0.006070
      24.139999      -0.011205      -0.006055
      24.160000      -0.017355      -0.006046
      24.180000      -0.012033      -0.006050
      24.199999      -0.015836      -0.006065
      24.219999      -0.008322      -0.006080
      24.240000      -0.011723      -0.006094
      24.260000       0.004525      -0.006118
      24.279999      -0.011044      -0.006100
      24.299999      -0.001953      -0.006107
      24.320000      -0.008927      -0.006097
      24.340000      -0.017919      -0.006086
      24.359999      -0.015528      -0.006080
      24.379999      -0.003547      -0.006123
      24.400000      -0.013339      -0.006113
      24.420000      -0.005797      -0.006130
      24.439999      -0.002041      -0.006149
      24.459999      -0.000122      -0.006163
      24.480000      -0.012310      -0.006151
      24.500000      -0.000638      -0.006153
      24.519999      -0.005060      -0.006165
      24.539999      -0.006541      -0.006163
      24.559999      -0.006220      -0.006170
      24.580000      -0.003994      -0.006181
      24.600000      -0.007687      -0.006178
      24.619999      -0.001361      -0.006172
      24.639999      -0.016230      -0.006151
      24.660000      -0.007124      -0.006184
      24.680000      -0.005262      -0.006193
      24.699999      -0.006699      -0.006202
      24.719999      -0.017693      -0.006195
      24.740000      -0.007681      -0.006220
      24.760000      -0.001427      -0.006241
      24.779999       0.003688      -0.006249
      24.799999      -0.005297      -0.006263
      24.820000      -0.007435      -0.006248
      24.840000      -0.008267      -0.006249
      24.859999      -0.007798      -0.006273
      24.879999      -0.001032      -0.006273
      24.900000      -0.010531      -0.006252
      24.920000      -0.015456      -0.006238
      24.939999      -0.016969      -0.006225
      24.959999      -0.001385      -0.006270
      24.980000      -0.004379      -0.006270
      25.000000      -0.006354      -0.006288
      25.019999       0.007816      -0.006311
      25.039999      -0.004242      -0.006310
      25.059999      -0.011309      -0.006282
      25.080000      -0.010807      -0.006282
      25.100000      -0.024529      -0.006255
      25.119999      -0.012663      -0.006301
      25.139999      -0.011717      -0.006309
      25.160000      -0.004518      -0.006324
      25.180000      -0.003545      -0.006315
      25.199999      -0.009870      -0.006321
      25.219999      -0.005723      -0.006346
      25.240000      -0.001707      -0.006350
      25.260000      -0.004446      -0.006348
      25.279999      -0.005138      -0.006353
      25.299999      -0.022408      -0.006322
      25.320000      -0.009081      -0.006362
      25.340000      -0.001322      -0.006382
      25.359999      -0.006078      -0.006363
      25.379999      -0.002269      -0.006382
      25.400000      -0.001017      -0.006387
      25.420000      -0.005259      -0.006391
      25.439999      -0.006486      -0.006379
      25.459999      -0.007775      -0.006380
      25.480000      -0.009525      -0.006365
      25.500000      -0.020175      -0.006358
      25.519999      -0.004945      -0.006384
      25.539999      -0.008861      -0.006417
      25.559999      -0.004117      -0.006423
      25.580000      -0.013000      -0.006422
      25.599998      -0.013292      -0.006424
      25.619999      -0.010856      -0.006418
      25.639999      -0.011406      -0.006418
      25.660000      -0.010376      -0.006440
      25.680000      -0.004084      -0.006460
      25.699999      -0.002393      -0.006465
      25.719999      -0.005502      -0.006453
      25.740000      -0.016183      -0.006452
      25.760000      -0.011339      -0.006441
      25.779999      -0.007635      -0.006442
      25.799999      -0.012871      -0.006463
      25.820000      -0.007770      -0.006485
      25.840000      -0.006894      -0.006495
      25.859999      -0.002626      -0.006505
      25.879999      -0.010370      -0.006507
      25.900000      -0.000170      -0.006522
      25.920000      -0.005149      -0.006506
      25.939999      -0.015860      -0.006509
      25.959999      -0.012625      -0.006516
      25.980000      -0.002402      -0.006528
      26.000000      -0.006873      -0.006525
      26.019999      -0.007171      -0.006521
      26.039999      -0.006779      -0.006530
      26.059999      -0.005728      -0.006560
      26.080000      -0.002984      -0.006556
      26.099998      -0.009823      -0.006563
      26.119999      -0.009011      -0.006570
      26.139999      -0.003282      -0.006548
      26.160000      -0.007914      -0.006545
      26.180000      -0.006117      -0.006557
      26.199999      -0.006191      -0.006581
      26.219999      -0.012615      -0.006594
      26.240000      -0.010112      -0.006577
      26.260000      -0.010823      -0.006583
      26.279999      -0.006882      -0.006575
      26.299999      -0.014270      -0.006575
      26.320000      -0.015340      -0.006590
      26.340000      -0.003938      -0.006624
      26.359999      -0.010596      -0.006645
      26.379999       0.001230      -0.006646
      26.400000      -0.005175      -0.006654
      26.420000      -0.006788      -0.006638
      26.439999      -0.003233      -0.006661
      26.459999      -0.006153      -0.006649
      26.480000      -0.010429      -0.006673
      26.500000      -0.011588      -0.006663
      26.519999      -0.006802      -0.006677
      26.539999      -0.002370      -0.006653
      26.559999      -0.008300      -0.006643
      26.580000      -0.006506      -0.006648
      26.599998      -0.009645      -0.006656
      26.619999      -0.002381      -0.006690
      26.639999      -0.004145      -0.006697
      26.660000      -0.001051      -0.006710
      26.680000      -0.020149      -0.006672
      26.699999      -0.000274      -0.006710
      26.719999      -0.004084      -0.006702
      26.740000      -0.010017      -0.006709
      26.760000      -0.011143      -0.006707
      26.779999      -0.002155      -0.006740
      26.799999       0.000028      -0.006750
      26.820000      -0.005201      -0.006725
      26.840000      -0.006127      -0.006726
      26.859999      -0.006890      -0.006735
      26.879999      -0.010288      -0.006720
      26.900000      -0.004566      -0.006762
      26.920000      -0.007767      -0.006748
      26.939999      -0.003359      -0.006769
      26.959999       0.007160      -0.006796
      26.980000      -0.008037      -0.006774
      27.000000      -0.008501      -0.006776
      27.019999      -0.003118      -0.006777
      27.039999      -0.015621      -0.006758
      27.059999      -0.012796      -0.006776
      27.080000      -0.009373      -0.006786
      27.099998      -0.012494      -0.006802
      27.119999      -0.008316      -0.006805
      27.139999      -0.013994      -0.006808
      27.160000      -0.003166      -0.006835
      27.180000       0.008657      -0.006859
      27.199999       0.001142      -0.006862
      27.219999      -0.002108      -0.006862
      27.240000      -0.006603      -0.006859
      27.260000      -0.015900      -0.006835
      27.279999      -0.008010      -0.006860
      27.299999      -0.010292      -0.006854
      27.320000      -0.015282      -0.006837
      27.340000      -0.007017      -0.006855
      27.359999      -0.017372      -0.006856
      27.379999      -0.002542      -0.006883
      27.400000      -0.008426      -0.006856
      27.420000      -0.001187      -0.006883
      27.439999      -0.009189      -0.006890
      27.459999      -0.008300      -0.006883
      27.480000      -0.005864      -0.006881
      27.500000      -0.003372      -0.006921
      27.519999      -0.006104      -0.006908
      27.539999      -0.009668      -0.006908
      27.559999      -0.002813      -0.006936
      27.580000       0.007857      -0.006956
      27.599998      -0.000706      -0.006939
      27.619999      -0.004896      -0.006945
      27.639999       0.001706      -0.006958
      27.660000      -0.000328      -0.006966
      27.680000       0.000014      -0.006975
      27.699999      -0.001769      -0.006952
      27.719999      -0.007234      -0.006952
      27.740000      -0.018796      -0.006940
      27.760000      -0.012946      -0.006941
      27.779999      -0.008463      -0.006946
      27.799999      -0.008695      -0.006958
      27.820000      -0.006741      -0.006971
      27.840000       0.005271      -0.007011
      27.859999       0.003699      -0.007019
      27.879999      -0.007987      -0.006996
      27.900000      -0.011695      -0.007005
      27.920000      -0.001629      -0.007040
      27.939999      -0.004629      -0.007026
      27.959999      -0.006530      -0.007021
      27.980000      -0.004209      -0.007018
      28.000000      -0.015294      -0.007014
      28.019999      -0.023263      -0.007007
      28.039999      -0.011528      -0.007021
      28.059999      -0.012804      -0.007036
      28.080000      -0.003740      -0.007068
      28.099998      -0.007212      -0.007074
      28.119999      -0.002004      -0.007077
      28.139999      -0.008446      -0.007062
      28.160000       0.000608      -0.007074
      28.180000      -0.004478      -0.007086
      28.199999      -0.017176      -0.007090
      28.219999      -0.006172      -0.007096
      28.240000      -0.005597      -0.007101
      28.260000      -0.003904      -0.007100
      28.279999      -0.018899      -0.007070
      28.299999      -0.015182      -0.007075
      28.320000      -0.012807      -0.007079
      28.340000      -0.004107      -0.007106
      28.359999      -0.003219      -0.007118
      28.379999      -0.008151      -0.007135
      28.400000      -0.005386      -0.007151
      28.420000       0.000285      -0.007160
      28.439999      -0.001878      -0.007151
      28.459999      -0.003999      -0.007154
      28.480000      -0.008712      -0.007162
      28.500000      -0.008227      -0.007161
      28.519999      -0.008452      -0.007162
      28.539999      -0.005763      -0.007180
      28.559999       0.002217      -0.007187
      28.580000       0.001866      -0.007201
      28.599998      -0.003845      -0.007197
      28.619999      -0.002873      -0.007200
      28.639999      -0.001045      -0.007213
      28.660000      -0.001859      -0.007222
      28.680000       0.001907      -0.007241
      28.699999      -0.001801      -0.007230
      28.719999      -0.002362      -0.007248
      28.740000       0.006719      -0.007279
      28.760000       0.000346      -0.007264
      28.779999      -0.001610      -0.007256
      28.799999       0.002649      -0.007265
      28.820000      -0.010800      -0.007237
      28.840000      -0.011075      -0.007247
      28.859999      -0.011543      -0.007244
      28.879999      -0.010794      -0.007269
      28.900000      -0.007426      -0.007288
      28.920000       0.001279      -0.007312
      28.939999      -0.000567      -0.007314
      28.959999      -0.004841      -0.007295
      28.980000      -0.008798      -0.007302
      29.000000      -0.016957      -0.007312
      29.019999      -0.005963      -0.007314
      29.039999       0.002156      -0.007317
      29.059999       0.002849      -0.007318
      29.080000      -0.008414      -0.007311
      29.099998      -0.005821      -0.007293
      29.119999      -0.007304      -0.007309
      29.139999       0.001735      -0.007340
      29.160000      -0.006400      -0.007339
      29.179998      -0.010188      -0.007314
      29.199999      -0.005847      -0.007341
      29.219999      -0.012939      -0.007344
      29.240000      -0.004074      -0.007346
      29.260000      -0.009073      -0.007358
      29.279999      -0.008420      -0.007383
      29.299999      -0.002744      -0.007380
      29.320000      -0.000612      -0.007392
      29.340000      -0.005489      -0.007393
      29.359999      -0.006709      -0.007390
      29.379999      -0.006125      -0.007398
      29.400000       0.000147      -0.007395
      29.420000      -0.006260      -0.007419
      29.439999      -0.017121      -0.007382
      29.459999      -0.013176      -0.007394
      29.480000      -0.005846      -0.007443
      29.500000      -0.002281      -0.007469
      29.519999      -0.002100      -0.007457
      29.539999       0.000276      -0.007485
      29.559999       0.002947      -0.007484
      29.580000       0.001137      -0.007476
      29.599998      -0.001618      -0.007480
      29.619999      -0.013182      -0.007456
      29.639999      -0.010056      -0.007464
      29.660000      -0.003655      -0.007472
      29.679998      -0.003278      -0.007474
      29.699999      -0.014923      -0.007449
      29.719999      -0.018446      -0.007461
      29.740000      -0.000127      -0.007501
      29.760000       0.001151      -0.007519
      29.779999      -0.005694      -0.007497
      29.799999      -0.001481      -0.007521
      29.820000      -0.004721      -0.007514
      29.840000      -0.003493      -0.007547
      29.859999      -0.002178      -0.007536
      29.879999      -0.010687      -0.007524
      29.900000       0.004469      -0.007585
      29.920000       0.006580      -0.007580
      29.939999      -0.003178      -0.007566
      29.959999      -0.011022      -0.007541
      29.980000      -0.004153      -0.007552
      30.000000       0.000642      -0.007541
      30.019999      -0.001177      -0.007558
      30.039999      -0.006776      -0.007562
      30.059999      -0.001984      -0.007582
      30.080000      -0.001189      -0.007584
      30.099998      -0.010420      -0.007561
      30.119999      -0.004344      -0.007563
      30.139999      -0.011663      -0.007565
      30.160000      -0.006174      -0.007622
      30.179998      -0.005876      -0.007609
      30.199999       0.004951      -0.007655
      30.219999      -0.014364      -0.007610
      30.240000      -0.000958      -0.007629
      30.260000      -0.003777      -0.007634
      30.279999      -0.000425      -0.007634
      30.299999      -0.009695      -0.007602
      30.320000      -0.009483      -0.007629
      30.340000       0.007056      -0.007672
      30.359999       0.007989      -0.007691
      30.379999      -0.009601      -0.007664
      30.400000       0.003181      -0.007693
      30.420000      -0.001901      -0.007684
      30.439999       0.000639      -0.007695
      30.459999      -0.005238      -0.007686
      30.480000       0.006660      -0.007737
      30.500000       0.012274      -0.007726
      30.519999       0.002056      -0.007697
      30.539999      -0.008707      -0.007681
      30.559999      -0.001100      -0.007683
      30.580000       0.003391      -0.007684
      30.599998      -0.010685      -0.007691
      30.619999       0.005092      -0.007718
      30.639999      -0.004084      -0.007729
      30.660000      -0.001935      -0.007744
      30.679998       0.012329      -0.007770
      30.699999       0.004753      -0.007783
      30.719999      -0.001663      -0.007791
      30.740000       0.001410      -0.007792
      30.760000       0.008384      -0.007815
      30.779999      -0.003858      -0.007784
      30.799999      -0.006400      -0.007779
      30.820000      -0.004642      -0.007794
      30.840000      -0.002347      -0.007800
      30.859999       0.007238      -0.007812
      30.879999      -0.004228      -0.007781
      30.900000      -0.010546      -0.007792
      30.920000      -0.002906      -0.007815
      30.939999       0.003633      -0.007841
      30.959999       0.001940      -0.007850
      30.980000      -0.004542      -0.007816
      31.000000      -0.007305      -0.007835
      31.019999      -0.000883      -0.007845
      31.039999       0.000104      -0.007847
      31.059999      -0.005971      -0.007843
      31.080000      -0.008100      -0.007821
      31.099998       0.007225      -0.007881
      31.119999       0.005827      -0.007881
      31.139999      -0.009128      -0.007860
      31.160000      -0.011073      -0.007870
      31.179998      -0.001281      -0.007872
      31.199999       0.003597      -0.007874
      31.219999      -0.006511      -0.007884
      31.240000      -0.003056      -0.007897
      31.260000       0.005712      -0.007941
      31.279999       0.009518      -0.007923
      31.299999       0.009280      -0.007930
      31.320000       0.005864      -0.007944
      31.340000      -0.004170      -0.007917
      31.359999       0.003211      -0.007938
      31.379999      -0.000487      -0.007937
      31.400000      -0.002321      -0.007976
