#       1571
#     file:    SofQ/NOM_9999_SiO2_quartz_SQ.dat
#     created: Mon Jul 25 14:48:07 2016
#     Comment: neutron, Qmax=31.414, Qdamp=0.017659, Qbroad= 0.0191822
#     
       0.000000      -0.801617       0.000000
       0.020000      -0.801617       0.000000
       0.040000      -0.801617       0.000000
       0.060000      -0.801617       0.000000
       0.080000      -0.801617       0.000000
       0.100000      -0.801617       0.000000
       0.120000      -0.801617       0.000000
       0.140000      -0.801617       0.000000
       0.160000      -0.801617       0.015789
       0.180000      -0.801616       0.006654
       0.200000      -0.801616       0.006197
       0.220000      -0.801616       0.004544
       0.240000      -0.801616       0.003441
       0.260000      -0.801616       0.002745
       0.280000      -0.801615       0.002301
       0.300000      -0.801615       0.002016
       0.320000      -0.801615       0.001821
       0.340000      -0.801614       0.001684
       0.360000      -0.801614       0.001601
       0.380000      -0.801614       0.001562
       0.400000      -0.801613       0.001562
       0.420000      -0.801613       0.001578
       0.440000      -0.801612       0.001616
       0.460000      -0.801612       0.001659
       0.480000      -0.801612       0.001690
       0.500000      -0.801611       0.001702
       0.520000      -0.801089       0.001687
       0.540000      -0.800911       0.001655
       0.560000      -0.800472       0.001622
       0.580000      -0.800661       0.001584
       0.600000      -0.801556       0.001544
       0.620000      -0.803700       0.001512
       0.640000      -0.802783       0.001476
       0.660000      -0.803053       0.001445
       0.680000      -0.801170       0.001421
       0.700000      -0.799385       0.001404
       0.720000      -0.799538       0.001396
       0.740000      -0.797788       0.001395
       0.760000      -0.797521       0.001408
       0.780000      -0.791918       0.001431
       0.800000      -0.786240       0.001461
       0.820000      -0.782918       0.001492
       0.840000      -0.779027       0.001521
       0.860000      -0.776943       0.001552
       0.880000      -0.774839       0.001583
       0.900000      -0.770533       0.001614
       0.920000      -0.768457       0.001651
       0.940000      -0.766792       0.001690
       0.960000      -0.759672       0.001727
       0.980000      -0.757848       0.001763
       1.000000      -0.755007       0.001795
       1.020000      -0.753526       0.001809
       1.040000      -0.754626       0.001797
       1.060000      -0.764019       0.001768
       1.080000      -0.767325       0.001722
       1.100000      -0.772214       0.001666
       1.120000      -0.777101       0.001612
       1.140000      -0.782819       0.001563
       1.160000      -0.788441       0.001518
       1.180000      -0.790196       0.001476
       1.200000      -0.791242       0.001436
       1.220000      -0.793448       0.001400
       1.240000      -0.796591       0.001364
       1.260000      -0.797114       0.001334
       1.280000      -0.797010       0.001309
       1.300000      -0.797471       0.001285
       1.320000      -0.794985       0.001265
       1.340000      -0.789512       0.001246
       1.360000      -0.777946       0.001234
       1.380000      -0.751860       0.001233
       1.400000      -0.684953       0.001261
       1.420000      -0.495878       0.001362
       1.440000       0.006080       0.001614
       1.460000       0.720979       0.001915
       1.480000       0.720489       0.001901
       1.500000       0.007083       0.001581
       1.520000      -0.503893       0.001310
       1.540000      -0.694535       0.001194
       1.560000      -0.762112       0.001153
       1.580000      -0.782232       0.001148
       1.600000      -0.783588       0.001155
       1.620000      -0.781491       0.001167
       1.640000      -0.777888       0.001180
       1.660000      -0.774709       0.001192
       1.680000      -0.768159       0.001206
       1.700000      -0.757521       0.001218
       1.720000      -0.733917       0.001239
       1.740000      -0.689208       0.001271
       1.760000      -0.609037       0.001328
       1.780000      -0.430567       0.001444
       1.800000       0.023073       0.001702
       1.820000       1.097702       0.002195
       1.840000       3.107279       0.002906
       1.860000       5.812063       0.003657
       1.880000       6.842206       0.003915
       1.900000       4.459487       0.003328
       1.920000       1.554141       0.002411
       1.940000       0.130027       0.001794
       1.960000      -0.398222       0.001500
       1.980000      -0.632322       0.001350
       2.000000      -0.723690       0.001287
       2.020000      -0.749262       0.001268
       2.040000      -0.756748       0.001258
       2.060000      -0.760494       0.001250
       2.080000      -0.762344       0.001243
       2.100000      -0.764956       0.001232
       2.120000      -0.769070       0.001213
       2.140000      -0.770654       0.001198
       2.160000      -0.772930       0.001182
       2.180000      -0.774564       0.001168
       2.200000      -0.775105       0.001151
       2.220000      -0.776292       0.001135
       2.240000      -0.775259       0.001125
       2.260000      -0.773979       0.001116
       2.280000      -0.775810       0.001101
       2.300000      -0.775342       0.001088
       2.320000      -0.770385       0.001078
       2.340000      -0.771254       0.001063
       2.360000      -0.768602       0.001053
       2.380000      -0.762200       0.001046
       2.400000      -0.757607       0.001035
       2.420000      -0.746015       0.001033
       2.440000      -0.723486       0.001037
       2.460000      -0.679255       0.001050
       2.480000      -0.578749       0.001095
       2.500000      -0.366814       0.001188
       2.520000       0.039881       0.001355
       2.540000       0.677297       0.001580
       2.560000       0.955328       0.001659
       2.580000       0.206304       0.001388
       2.600000      -0.440663       0.001107
       2.620000      -0.625448       0.001009
       2.640000      -0.646368       0.000991
       2.660000      -0.600955       0.001006
       2.680000      -0.466969       0.001064
       2.700000      -0.154638       0.001191
       2.720000       0.487823       0.001421
       2.740000       1.516743       0.001722
       2.760000       2.041830       0.001851
       2.780000       1.490686       0.001695
       2.800000       1.482151       0.001684
       2.820000       1.115958       0.001574
       2.840000       0.066722       0.001229
       2.860000      -0.494281       0.001002
       2.880000      -0.662309       0.000923
       2.900000      -0.708691       0.000903
       2.920000      -0.722353       0.000905
       2.940000      -0.711963       0.000915
       2.960000      -0.704709       0.000908
       2.980000      -0.722543       0.000886
       3.000000      -0.733331       0.000877
       3.020000      -0.729888       0.000873
       3.040000      -0.715715       0.000879
       3.060000      -0.685900       0.000895
       3.080000      -0.632717       0.000920
       3.100000      -0.524122       0.000970
       3.120000      -0.306059       0.001066
       3.140000       0.160630       0.001247
       3.160000       0.935236       0.001500
       3.180000       1.162257       0.001573
       3.200000       0.387810       0.001341
       3.220000      -0.300646       0.001090
       3.240000      -0.574844       0.000973
       3.260000      -0.665021       0.000927
       3.280000      -0.692189       0.000912
       3.300000      -0.699467       0.000906
       3.320000      -0.690085       0.000906
       3.340000      -0.664276       0.000916
       3.360000      -0.604289       0.000941
       3.380000      -0.477510       0.000996
       3.400000      -0.214426       0.001102
       3.420000       0.372970       0.001308
       3.440000       1.519765       0.001637
       3.460000       2.091067       0.001773
       3.480000       0.938318       0.001464
       3.500000      -0.050218       0.001140
       3.520000      -0.478781       0.000967
       3.540000      -0.630819       0.000896
       3.560000      -0.686123       0.000867
       3.580000      -0.705787       0.000854
       3.600000      -0.709587       0.000847
       3.620000      -0.702922       0.000846
       3.640000      -0.684019       0.000851
       3.660000      -0.645045       0.000866
       3.680000      -0.568839       0.000895
       3.700000      -0.416437       0.000955
       3.720000      -0.062930       0.001082
       3.740000       0.810921       0.001348
       3.760000       1.853859       0.001607
       3.780000       1.396673       0.001489
       3.800000       0.516448       0.001246
       3.820000      -0.252062       0.000991
       3.840000      -0.481412       0.000898
       3.860000      -0.480376       0.000894
       3.880000      -0.275366       0.000968
       3.900000       0.253330       0.001139
       3.920000       0.068752       0.001076
       3.940000      -0.452287       0.000889
       3.960000      -0.584670       0.000832
       3.980000      -0.588640       0.000827
       4.000000      -0.521109       0.000851
       4.020000      -0.350737       0.000913
       4.040000       0.078204       0.001057
       4.060000       1.294694       0.001387
       4.080000       2.493562       0.001651
       4.100000       0.498003       0.001182
       4.120000      -0.347648       0.000912
       4.140000      -0.571155       0.000826
       4.160000      -0.645367       0.000791
       4.180000      -0.670722       0.000771
       4.200000      -0.679564       0.000758
       4.220000      -0.677554       0.000744
       4.240000      -0.663455       0.000733
       4.260000      -0.636467       0.000723
       4.280000      -0.565419       0.000728
       4.300000      -0.348870       0.000782
       4.320000       0.528026       0.001003
       4.340000      -0.177909       0.000813
       4.360000      -0.555485       0.000695
       4.380000      -0.597698       0.000682
       4.400000      -0.555316       0.000698
       4.420000      -0.346719       0.000765
       4.440000      -0.334632       0.000769
       4.460000      -0.471317       0.000726
       4.480000      -0.376066       0.000756
       4.500000      -0.117730       0.000833
       4.520000       0.557765       0.001007
       4.540000       3.012868       0.001474
       4.560000       4.152421       0.001649
       4.580000       4.613790       0.001716
       4.600000       0.558305       0.001014
       4.620000      -0.286367       0.000793
       4.640000      -0.501364       0.000728
       4.660000      -0.586549       0.000701
       4.680000      -0.622674       0.000690
       4.700000      -0.639431       0.000685
       4.720000      -0.646378       0.000684
       4.740000      -0.647201       0.000684
       4.760000      -0.640118       0.000688
       4.780000      -0.627156       0.000694
       4.800000      -0.599561       0.000706
       4.820000      -0.541299       0.000728
       4.840000      -0.406752       0.000775
       4.860000       0.016621       0.000904
       4.880000       1.029103       0.001155
       4.900000      -0.232028       0.000836
       4.920000      -0.478257       0.000760
       4.940000      -0.475029       0.000763
       4.960000      -0.359231       0.000804
       4.980000       0.016341       0.000921
       5.000000       1.387739       0.001255
       5.020000       0.096433       0.000950
       5.040000      -0.426157       0.000795
       5.060000      -0.485334       0.000784
       5.080000      -0.435640       0.000814
       5.100000      -0.182391       0.000891
       5.120000       0.161756       0.000988
       5.140000      -0.337433       0.000838
       5.160000      -0.330986       0.000842
       5.180000      -0.158917       0.000901
       5.200000       0.281197       0.001033
       5.220000       1.642178       0.001361
       5.240000       4.386321       0.001855
       5.260000       1.150493       0.001261
       5.280000       0.775257       0.001175
       5.300000       2.556793       0.001560
       5.320000       3.437831       0.001724
       5.340000       0.856584       0.001206
       5.360000      -0.154996       0.000927
       5.380000      -0.313931       0.000877
       5.400000      -0.283803       0.000889
       5.420000      -0.036047       0.000973
       5.440000       1.056249       0.001274
       5.460000       0.963475       0.001256
       5.480000      -0.165731       0.000942
       5.500000      -0.010247       0.000994
       5.520000      -0.135067       0.000957
       5.540000      -0.453825       0.000848
       5.560000      -0.467687       0.000845
       5.580000      -0.387033       0.000877
       5.600000      -0.110267       0.000976
       5.620000       0.610666       0.001196
       5.640000       0.389637       0.001139
       5.660000      -0.332661       0.000910
       5.680000      -0.479577       0.000859
       5.700000      -0.493196       0.000856
       5.720000      -0.466174       0.000870
       5.740000      -0.393180       0.000901
       5.760000      -0.227024       0.000965
       5.780000       0.215819       0.001115
       5.800000       1.926368       0.001563
       5.820000       1.864030       0.001554
       5.840000      -0.092300       0.001027
       5.860000      -0.384860       0.000926
       5.880000      -0.451405       0.000904
       5.900000      -0.436229       0.000910
       5.920000      -0.426188       0.000917
       5.940000      -0.373143       0.000940
       5.960000      -0.192659       0.001012
       5.980000       0.370564       0.001203
       6.000000       1.564491       0.001533
       6.020000       1.232161       0.001455
       6.040000       0.175071       0.001154
       6.060000       0.305699       0.001201
       6.080000       0.628258       0.001304
       6.100000      -0.305374       0.000995
       6.120000      -0.469917       0.000932
       6.140000      -0.502369       0.000921
       6.160000      -0.476704       0.000935
       6.180000      -0.299106       0.001010
       6.200000      -0.247389       0.001033
       6.220000      -0.508389       0.000930
       6.240000      -0.544642       0.000917
       6.260000      -0.541310       0.000920
       6.280000      -0.518374       0.000932
       6.300000      -0.468718       0.000957
       6.320000      -0.332905       0.001017
       6.340000       0.176119       0.001211
       6.360000       0.373284       0.001281
       6.380000      -0.216200       0.001073
       6.400000      -0.225298       0.001073
       6.420000       0.265608       0.001255
       6.440000       0.852546       0.001446
       6.460000      -0.198375       0.001091
       6.480000      -0.408777       0.001008
       6.500000      -0.392757       0.001019
       6.520000      -0.178263       0.001111
       6.540000       0.132484       0.001234
       6.560000      -0.345987       0.001056
       6.580000      -0.518917       0.000978
       6.600000      -0.557014       0.000959
       6.620000      -0.568708       0.000955
       6.640000      -0.572349       0.000956
       6.660000      -0.573275       0.000960
       6.680000      -0.568725       0.000965
       6.700000      -0.561615       0.000972
       6.720000      -0.545194       0.000982
       6.740000      -0.510874       0.001002
       6.760000      -0.411120       0.001052
       6.780000      -0.411271       0.001057
       6.800000      -0.423357       0.001054
       6.820000      -0.309650       0.001109
       6.840000       0.064847       0.001268
       6.860000       0.837221       0.001543
       6.880000       0.261608       0.001350
       6.900000       0.063323       0.001278
       6.920000       0.205760       0.001336
       6.940000      -0.305812       0.001130
       6.960000      -0.360535       0.001109
       6.980000      -0.249268       0.001162
       7.000000       0.206003       0.001351
       7.020000      -0.128352       0.001220
       7.040000      -0.342778       0.001129
       7.060000      -0.201625       0.001195
       7.080000      -0.203119       0.001198
       7.100000      -0.346892       0.001136
       7.120000      -0.150069       0.001227
       7.140000      -0.047356       0.001274
       7.160000      -0.181227       0.001220
       7.180000      -0.427802       0.001111
       7.200000      -0.483935       0.001087
       7.220000      -0.494544       0.001081
       7.240000      -0.492081       0.001085
       7.260000      -0.481966       0.001092
       7.280000      -0.447734       0.001112
       7.300000      -0.336866       0.001169
       7.320000      -0.148825       0.001256
       7.340000      -0.362575       0.001161
       7.360000      -0.434614       0.001128
       7.380000      -0.435869       0.001130
       7.400000      -0.408592       0.001147
       7.420000      -0.325662       0.001191
       7.440000      -0.274963       0.001217
       7.460000      -0.224065       0.001243
       7.480000      -0.067651       0.001318
       7.500000      -0.034528       0.001335
       7.520000       0.311507       0.001482
       7.540000       0.027614       0.001370
       7.560000       0.279541       0.001478
       7.580000       0.794973       0.001675
       7.600000       0.908010       0.001718
       7.620000       1.309279       0.001856
       7.640000       0.141559       0.001433
       7.660000      -0.009849       0.001372
       7.680000       0.036286       0.001395
       7.700000       0.058429       0.001408
       7.720000       0.478970       0.001584
       7.740000       1.768324       0.002026
       7.760000       1.206688       0.001855
       7.780000       0.321241       0.001535
       7.800000       0.289733       0.001520
       7.820000       0.489846       0.001602
       7.840000      -0.006727       0.001399
       7.860000      -0.017308       0.001396
       7.880000       0.275838       0.001527
       7.900000       0.459385       0.001605
       7.920000       0.498884       0.001625
       7.940000       1.346241       0.001936
       7.960000       0.539039       0.001650
       7.980000       0.438001       0.001615
       8.000000       0.789269       0.001754
       8.020000       0.155613       0.001502
       8.040000      -0.158725       0.001360
       8.059999      -0.255201       0.001316
       8.080000      -0.271989       0.001311
       8.099999      -0.245480       0.001327
       8.120000      -0.153100       0.001374
       8.139999       0.172431       0.001528
       8.160000       0.426646       0.001638
       8.179999      -0.003519       0.001452
       8.200000       0.086419       0.001497
       8.220000       0.211292       0.001555
       8.240000       0.056249       0.001488
       8.260000       0.388085       0.001635
       8.280000       0.530867       0.001696
       8.300000       0.594254       0.001724
       8.320000       0.113692       0.001521
       8.340000      -0.218894       0.001364
       8.360000      -0.302441       0.001324
       8.380000      -0.328430       0.001314
       8.400000      -0.327086       0.001316
       8.420000      -0.280710       0.001343
       8.440000      -0.280199       0.001346
       8.460000      -0.326649       0.001322
       8.480000      -0.312009       0.001333
       8.500000      -0.249733       0.001369
       8.520000      -0.080444       0.001458
       8.540000       0.140193       0.001567
       8.559999       0.228090       0.001610
       8.580000      -0.103692       0.001455
       8.599999      -0.164995       0.001426
       8.620000      -0.075082       0.001473
       8.639999       0.243159       0.001626
       8.660000       0.861654       0.001887
       8.679999       0.968494       0.001932
       8.700000       0.121507       0.001578
       8.720000       0.078750       0.001559
       8.740000      -0.061441       0.001494
       8.760000      -0.198717       0.001426
       8.780000      -0.200427       0.001428
       8.800000      -0.287293       0.001387
       8.820000      -0.303094       0.001379
       8.840000      -0.294240       0.001384
       8.860000      -0.255802       0.001405
       8.880000      -0.171381       0.001452
       8.900000       0.035505       0.001560
       8.920000       0.575729       0.001809
       8.940000       0.574795       0.001812
       8.960000       0.125447       0.001612
       8.980000       0.094484       0.001599
       9.000000      -0.000043       0.001555
       9.020000       0.242241       0.001676
       9.040000       0.337735       0.001723
       9.059999       0.377781       0.001746
       9.080000       0.122760       0.001629
       9.099999       0.083065       0.001612
       9.120000      -0.089737       0.001526
       9.139999      -0.015194       0.001567
       9.160000      -0.029450       0.001563
       9.179999      -0.171104       0.001491
       9.200000      -0.213899       0.001469
       9.220000      -0.187200       0.001484
       9.240000      -0.082240       0.001541
       9.260000       0.210543       0.001689
       9.280000       0.510426       0.001828
       9.300000       0.465577       0.001810
       9.320000      -0.024844       0.001578
       9.340000      -0.165534       0.001508
       9.360000      -0.183849       0.001502
       9.380000      -0.133908       0.001533
       9.400000      -0.002474       0.001605
       9.420000       0.113472       0.001665
       9.440000       0.172261       0.001695
       9.460000       0.088742       0.001657
       9.480000       0.014037       0.001620
       9.500000       0.242944       0.001739
       9.520000       0.399480       0.001816
       9.540000       0.028939       0.001636
       9.559999      -0.095049       0.001572
       9.580000      -0.079611       0.001581
       9.599999       0.052239       0.001654
       9.620000       0.319284       0.001789
       9.639999       0.429636       0.001843
       9.660000       0.233919       0.001753
       9.679999       0.378217       0.001825
       9.700000       0.538854       0.001899
       9.719999       1.006198       0.002103
       9.740000       0.557943       0.001911
       9.760000       0.162614       0.001724
       9.780000      -0.086524       0.001596
       9.800000      -0.178210       0.001549
       9.820000      -0.203158       0.001539
       9.840000      -0.189597       0.001549
       9.860000      -0.139997       0.001579
       9.880000      -0.190337       0.001554
       9.900000      -0.201864       0.001550
       9.920000      -0.156045       0.001579
       9.940000      -0.020200       0.001655
       9.960000       0.199866       0.001772
       9.980000      -0.014504       0.001664
      10.000000      -0.073819       0.001633
      10.020000      -0.072889       0.001636
      10.040000      -0.004221       0.001676
      10.059999       0.220215       0.001795
      10.080000       0.306576       0.001843
      10.099999       0.191327       0.001786
      10.120000       0.051474       0.001712
      10.139999      -0.137906       0.001608
      10.160000      -0.195823       0.001575
      10.179999      -0.221292       0.001561
      10.200000      -0.216839       0.001567
      10.219999      -0.165090       0.001602
      10.240000      -0.129811       0.001625
      10.260000      -0.139089       0.001623
      10.280000      -0.035180       0.001685
      10.300000       0.138911       0.001783
      10.320000       0.073754       0.001749
      10.340000       0.062397       0.001744
      10.360000      -0.060616       0.001679
      10.380000      -0.063080       0.001679
      10.400000      -0.044629       0.001693
      10.420000      -0.093113       0.001669
      10.440000      -0.077635       0.001680
      10.460000       0.084097       0.001773
      10.480000       0.165497       0.001819
      10.500000      -0.005347       0.001728
      10.520000      -0.136113       0.001656
      10.540000      -0.147144       0.001647
      10.559999      -0.080446       0.001686
      10.580000       0.066976       0.001771
      10.599999       0.149563       0.001815
      10.620000      -0.055378       0.001704
      10.639999      -0.123342       0.001667
      10.660000      -0.119973       0.001674
      10.679999      -0.069193       0.001707
      10.700000       0.097340       0.001805
      10.719999       0.151055       0.001837
      10.740000       0.041329       0.001777
      10.760000       0.013637       0.001765
      10.780000       0.070166       0.001799
      10.800000       0.007683       0.001765
      10.820000      -0.067816       0.001724
      10.840000      -0.134679       0.001688
      10.860000      -0.102977       0.001710
      10.880000       0.000989       0.001771
      10.900000       0.188250       0.001878
      10.920000       0.124858       0.001847
      10.940000      -0.101490       0.001720
      10.960000      -0.139396       0.001699
      10.980000      -0.082622       0.001733
      11.000000      -0.040984       0.001760
      11.020000      -0.047965       0.001759
      11.040000      -0.169280       0.001688
      11.059999      -0.230448       0.001654
      11.080000      -0.246722       0.001646
      11.099999      -0.243050       0.001652
      11.120000      -0.218618       0.001669
      11.139999      -0.156665       0.001707
      11.160000      -0.099996       0.001743
      11.179999      -0.059397       0.001769
      11.200000       0.025275       0.001821
      11.219999      -0.003330       0.001806
      11.240000      -0.084125       0.001760
      11.259999      -0.072985       0.001770
      11.280000       0.011991       0.001822
      11.300000      -0.009227       0.001810
      11.320000      -0.036690       0.001795
      11.340000      -0.025530       0.001801
      11.360000      -0.029951       0.001798
      11.380000      -0.026604       0.001799
      11.400000      -0.144597       0.001731
      11.420000      -0.216911       0.001689
      11.440000      -0.234186       0.001685
      11.460000      -0.230125       0.001691
      11.480000      -0.203771       0.001714
      11.500000      -0.155120       0.001745
      11.520000      -0.169350       0.001735
      11.540000      -0.158691       0.001742
      11.559999      -0.088683       0.001788
      11.580000      -0.047370       0.001816
      11.599999      -0.048397       0.001820
      11.620000      -0.055045       0.001819
      11.639999      -0.058433       0.001818
      11.660000      -0.059778       0.001820
      11.679999      -0.021838       0.001842
      11.700000       0.034816       0.001878
      11.719999       0.166503       0.001957
      11.740000       0.225791       0.001995
      11.759999       0.139321       0.001947
      11.780000       0.031988       0.001885
      11.800000      -0.066762       0.001829
      11.820000      -0.082366       0.001819
      11.840000      -0.056394       0.001835
      11.860000       0.009497       0.001880
      11.880000      -0.041081       0.001850
      11.900000      -0.080002       0.001828
      11.920000      -0.043189       0.001851
      11.940000       0.020129       0.001891
      11.960000      -0.012710       0.001874
      11.980000      -0.063224       0.001845
      12.000000      -0.047744       0.001858
      12.020000      -0.007863       0.001887
      12.040000       0.039616       0.001918
      12.059999       0.074076       0.001938
      12.080000       0.098684       0.001952
      12.099999       0.083748       0.001943
      12.120000       0.148170       0.001981
      12.139999       0.178086       0.002000
      12.160000       0.065706       0.001937
      12.179999      -0.022914       0.001888
      12.200000      -0.029520       0.001888
      12.219999       0.024524       0.001924
      12.240000       0.069177       0.001955
      12.259999       0.122890       0.001987
      12.280000       0.229071       0.002050
      12.300000       0.271753       0.002076
      12.320000       0.131520       0.001998
      12.340000       0.026500       0.001936
      12.360000       0.008889       0.001928
      12.380000       0.044773       0.001952
      12.400000       0.135534       0.002005
      12.420000       0.237547       0.002068
      12.440000       0.247180       0.002074
      12.460000       0.235268       0.002071
      12.480000       0.186355       0.002044
      12.500000       0.062772       0.001972
      12.520000       0.030050       0.001954
      12.540000       0.061858       0.001976
      12.559999       0.158226       0.002035
      12.580000       0.253690       0.002094
      12.599999       0.230922       0.002082
      12.620000       0.218996       0.002078
      12.639999       0.201822       0.002068
      12.660000       0.219438       0.002081
      12.679999       0.207935       0.002077
      12.700000       0.202926       0.002076
      12.719999       0.156317       0.002050
      12.740000       0.118559       0.002027
      12.759999       0.095511       0.002014
      12.780000       0.151018       0.002049
      12.799999       0.155175       0.002052
      12.820000       0.117273       0.002031
      12.840000       0.116197       0.002031
      12.860000       0.091959       0.002019
      12.880000       0.121237       0.002043
      12.900000       0.213759       0.002102
      12.920000       0.360756       0.002189
      12.940000       0.313692       0.002164
      12.960000       0.182328       0.002089
      12.980000       0.110797       0.002048
      13.000000       0.081255       0.002032
      13.020000       0.114564       0.002055
      13.040000       0.213177       0.002116
      13.059999       0.301154       0.002169
      13.080000       0.314477       0.002180
      13.099999       0.276086       0.002155
      13.120000       0.184956       0.002102
      13.139999       0.153856       0.002085
      13.160000       0.148889       0.002085
      13.179999       0.058058       0.002033
      13.200000      -0.024963       0.001982
      13.219999      -0.059763       0.001960
      13.240000      -0.074527       0.001952
      13.259999      -0.064788       0.001961
      13.280000      -0.027514       0.001988
      13.299999      -0.007835       0.002003
      13.320000      -0.014217       0.002000
      13.340000      -0.018765       0.001998
      13.360000      -0.023369       0.001996
      13.380000      -0.018675       0.002000
      13.400000      -0.004533       0.002010
      13.420000      -0.009584       0.002009
      13.440000      -0.006933       0.002011
      13.460000      -0.020747       0.002003
      13.480000      -0.059348       0.001979
      13.500000      -0.081534       0.001966
      13.520000      -0.080075       0.001969
      13.540000      -0.053051       0.001989
      13.559999      -0.032956       0.002008
      13.580000       0.013303       0.002040
      13.599999      -0.029733       0.002014
      13.620000      -0.088817       0.001976
      13.639999      -0.112515       0.001960
      13.660000      -0.119113       0.001955
      13.679999      -0.104657       0.001968
      13.700000      -0.088073       0.001984
      13.719999      -0.063606       0.002002
      13.740000      -0.050698       0.002011
      13.759999      -0.089354       0.001986
      13.780000      -0.103953       0.001974
      13.799999      -0.100183       0.001977
      13.820000      -0.101223       0.001979
      13.840000      -0.083532       0.001995
      13.860000      -0.072680       0.002003
      13.880000      -0.087792       0.001998
      13.900000      -0.078934       0.002005
      13.920000      -0.068292       0.002014
      13.940000      -0.069184       0.002015
      13.960000      -0.083121       0.002007
      13.980000      -0.107288       0.001992
      14.000000      -0.125772       0.001982
      14.020000      -0.132132       0.001979
      14.040000      -0.134290       0.001980
      14.059999      -0.115172       0.001994
      14.080000      -0.079538       0.002019
      14.099999      -0.034503       0.002052
      14.120000       0.024556       0.002092
      14.139999       0.031580       0.002101
      14.160000      -0.040625       0.002054
      14.179999      -0.078866       0.002029
      14.200000      -0.085113       0.002025
      14.219999      -0.062199       0.002042
      14.240000      -0.009800       0.002081
      14.259999       0.033376       0.002112
      14.280000      -0.003110       0.002092
      14.299999      -0.054980       0.002059
      14.320000      -0.086864       0.002037
      14.340000      -0.105259       0.002023
      14.360000      -0.112641       0.002018
      14.380000      -0.114154       0.002019
      14.400000      -0.102501       0.002030
      14.420000      -0.072470       0.002052
      14.440000      -0.059164       0.002064
      14.460000      -0.051073       0.002074
      14.480000      -0.014169       0.002098
      14.500000       0.019943       0.002123
      14.520000       0.021546       0.002124
      14.540000      -0.016704       0.002099
      14.559999      -0.029713       0.002091
      14.580000      -0.024083       0.002099
      14.599999      -0.024577       0.002102
      14.620000      -0.025639       0.002102
      14.639999      -0.032681       0.002098
      14.660000      -0.042199       0.002092
      14.679999      -0.029282       0.002100
      14.700000      -0.002263       0.002119
      14.719999       0.000235       0.002122
      14.740000      -0.011923       0.002118
      14.759999      -0.004789       0.002125
      14.780000      -0.006493       0.002128
      14.799999      -0.010978       0.002127
      14.820000       0.011861       0.002145
      14.839999       0.039786       0.002165
      14.860000       0.037555       0.002164
      14.880000       0.012450       0.002150
      14.900000      -0.002962       0.002142
      14.920000       0.016981       0.002159
      14.940000       0.052588       0.002184
      14.960000       0.087212       0.002209
      14.980000       0.108936       0.002224
      15.000000       0.089569       0.002212
      15.020000       0.040009       0.002181
      15.040000      -0.009214       0.002150
      15.059999      -0.040930       0.002127
      15.080000      -0.058219       0.002119
      15.099999      -0.055065       0.002120
      15.120000      -0.038295       0.002135
      15.139999      -0.012790       0.002155
      15.160000       0.007209       0.002172
      15.179999       0.004235       0.002176
      15.200000      -0.005063       0.002172
      15.219999       0.015715       0.002184
      15.240000       0.037427       0.002198
      15.259999       0.017073       0.002186
      15.280000      -0.007082       0.002168
      15.299999      -0.020301       0.002163
      15.320000      -0.034115       0.002159
      15.339999      -0.034212       0.002159
      15.360000      -0.035184       0.002161
      15.380000      -0.029241       0.002165
      15.400000      -0.040606       0.002161
      15.420000      -0.050808       0.002156
      15.440000      -0.048489       0.002158
      15.460000      -0.043004       0.002164
      15.480000      -0.033249       0.002171
      15.500000      -0.020461       0.002184
      15.520000      -0.021011       0.002187
      15.540000      -0.017639       0.002189
      15.559999      -0.013998       0.002195
      15.580000      -0.010362       0.002200
      15.599999      -0.009582       0.002204
      15.620000      -0.015513       0.002204
      15.639999      -0.021103       0.002199
      15.660000      -0.008740       0.002210
      15.679999       0.008307       0.002222
      15.700000       0.025610       0.002236
      15.719999       0.048201       0.002253
      15.740000       0.042452       0.002254
      15.759999       0.044101       0.002256
      15.780000       0.046637       0.002263
      15.799999       0.043844       0.002260
      15.820000       0.010763       0.002236
      15.839999      -0.021551       0.002215
      15.860000      -0.028830       0.002210
      15.880000      -0.028224       0.002213
      15.900000      -0.035737       0.002212
      15.920000      -0.042121       0.002209
      15.940000      -0.032740       0.002218
      15.960000      -0.028476       0.002223
      15.980000      -0.024439       0.002230
      16.000000      -0.011042       0.002241
      16.020000       0.000033       0.002253
      16.039999       0.002536       0.002255
      16.059999      -0.011000       0.002245
      16.080000      -0.025146       0.002237
      16.100000      -0.028933       0.002240
      16.119999      -0.032076       0.002239
      16.139999      -0.037153       0.002233
      16.160000      -0.044152       0.002231
      16.180000      -0.035650       0.002240
      16.199999      -0.022714       0.002250
      16.219999      -0.019250       0.002255
      16.240000      -0.015740       0.002260
      16.260000      -0.007163       0.002269
      16.279999      -0.002174       0.002273
      16.299999       0.000716       0.002278
      16.320000       0.009284       0.002283
      16.340000       0.027130       0.002296
      16.359999       0.055416       0.002318
      16.379999       0.082585       0.002339
      16.400000       0.089040       0.002347
      16.420000       0.083072       0.002347
      16.440001       0.068934       0.002338
      16.459999       0.045546       0.002322
      16.480000       0.033737       0.002319
      16.500000       0.038619       0.002319
      16.520000       0.050835       0.002331
      16.539999       0.041755       0.002327
      16.559999       0.026758       0.002318
      16.580000       0.027965       0.002322
      16.600000       0.032256       0.002326
      16.619999       0.030471       0.002327
      16.639999       0.028482       0.002325
      16.660000       0.026488       0.002328
      16.680000       0.024081       0.002328
      16.699999       0.018701       0.002328
      16.719999       0.018563       0.002333
      16.740000       0.023620       0.002337
      16.760000       0.037619       0.002349
      16.779999       0.055077       0.002360
      16.799999       0.063654       0.002367
      16.820000       0.062764       0.002368
      16.840000       0.059680       0.002367
      16.859999       0.065380       0.002376
      16.879999       0.075873       0.002389
      16.900000       0.074447       0.002388
      16.920000       0.065683       0.002385
      16.940001       0.065930       0.002383
      16.959999       0.062830       0.002383
      16.980000       0.070030       0.002393
      17.000000       0.094663       0.002414
      17.020000       0.108930       0.002427
      17.039999       0.112334       0.002432
      17.059999       0.111933       0.002434
      17.080000       0.095611       0.002422
      17.100000       0.079656       0.002413
      17.119999       0.066122       0.002406
      17.139999       0.057562       0.002400
      17.160000       0.050891       0.002398
      17.180000       0.051373       0.002400
      17.199999       0.045190       0.002399
      17.219999       0.045520       0.002401
      17.240000       0.042034       0.002401
      17.260000       0.050090       0.002407
      17.279999       0.052189       0.002411
      17.299999       0.049752       0.002410
      17.320000       0.060494       0.002418
      17.340000       0.078405       0.002431
      17.359999       0.078605       0.002438
      17.379999       0.067701       0.002429
      17.400000       0.064238       0.002427
      17.420000       0.062691       0.002430
      17.440001       0.063324       0.002437
      17.459999       0.053710       0.002431
      17.480000       0.042377       0.002425
      17.500000       0.037491       0.002425
      17.520000       0.041772       0.002427
      17.539999       0.041864       0.002429
      17.559999       0.042856       0.002431
      17.580000       0.036719       0.002428
      17.600000       0.035414       0.002429
      17.619999       0.031722       0.002430
      17.639999       0.025045       0.002429
      17.660000       0.009957       0.002420
      17.680000      -0.003322       0.002414
      17.699999      -0.018890       0.002404
      17.719999      -0.029049       0.002397
      17.740000      -0.030774       0.002396
      17.760000      -0.033831       0.002395
      17.779999      -0.037247       0.002393
      17.799999      -0.046353       0.002390
      17.820000      -0.039749       0.002391
      17.840000      -0.040033       0.002394
      17.859999      -0.034728       0.002398
      17.879999      -0.032507       0.002401
      17.900000      -0.031955       0.002404
      17.920000      -0.028633       0.002412
      17.940001      -0.016475       0.002425
      17.959999      -0.014475       0.002431
      17.980000      -0.014287       0.002432
      18.000000      -0.019250       0.002432
      18.020000      -0.026676       0.002430
      18.039999      -0.033576       0.002425
      18.059999      -0.046888       0.002418
      18.080000      -0.052959       0.002414
      18.100000      -0.053733       0.002415
      18.119999      -0.047139       0.002422
      18.139999      -0.042843       0.002427
      18.160000      -0.040405       0.002431
      18.180000      -0.040765       0.002433
      18.199999      -0.038794       0.002437
      18.219999      -0.037759       0.002437
      18.240000      -0.037224       0.002442
      18.260000      -0.037460       0.002442
      18.279999      -0.044439       0.002440
      18.299999      -0.052221       0.002436
      18.320000      -0.058102       0.002433
      18.340000      -0.062659       0.002429
      18.359999      -0.066979       0.002426
      18.379999      -0.070845       0.002425
      18.400000      -0.069260       0.002428
      18.420000      -0.069570       0.002431
      18.440001      -0.069119       0.002434
      18.459999      -0.064505       0.002441
      18.480000      -0.057516       0.002449
      18.500000      -0.060689       0.002450
      18.520000      -0.064604       0.002445
      18.539999      -0.067284       0.002444
      18.559999      -0.071998       0.002444
      18.580000      -0.074422       0.002446
      18.600000      -0.069420       0.002451
      18.619999      -0.066480       0.002456
      18.639999      -0.064360       0.002462
      18.660000      -0.069206       0.002458
      18.680000      -0.073735       0.002457
      18.699999      -0.073425       0.002458
      18.719999      -0.075205       0.002458
      18.740000      -0.075304       0.002460
      18.760000      -0.070530       0.002466
      18.779999      -0.069420       0.002469
      18.799999      -0.067134       0.002471
      18.820000      -0.066030       0.002478
      18.840000      -0.067221       0.002482
      18.859999      -0.065719       0.002485
      18.879999      -0.066485       0.002482
      18.900000      -0.068608       0.002483
      18.920000      -0.074726       0.002482
      18.939999      -0.073308       0.002483
      18.959999      -0.067484       0.002489
      18.980000      -0.062251       0.002496
      19.000000      -0.051589       0.002510
      19.020000      -0.044462       0.002517
      19.039999      -0.043950       0.002521
      19.059999      -0.041362       0.002522
      19.080000      -0.034620       0.002528
      19.100000      -0.028404       0.002533
      19.119999      -0.024284       0.002539
      19.139999      -0.016913       0.002549
      19.160000      -0.014444       0.002556
      19.180000      -0.016349       0.002559
      19.199999      -0.018245       0.002561
      19.219999      -0.017818       0.002558
      19.240000      -0.017606       0.002559
      19.260000      -0.016534       0.002563
      19.279999      -0.015180       0.002562
      19.299999      -0.012812       0.002566
      19.320000      -0.007259       0.002575
      19.340000      -0.001867       0.002585
      19.359999       0.004061       0.002593
      19.379999       0.006186       0.002597
      19.400000       0.009445       0.002602
      19.420000       0.012960       0.002604
      19.439999       0.011929       0.002603
      19.459999       0.012590       0.002605
      19.480000       0.010388       0.002607
      19.500000       0.012912       0.002611
      19.520000       0.009235       0.002612
      19.539999       0.008507       0.002613
      19.559999       0.006299       0.002616
      19.580000       0.006512       0.002619
      19.600000       0.007907       0.002624
      19.619999       0.010594       0.002628
      19.639999       0.011269       0.002629
      19.660000       0.020899       0.002635
      19.680000       0.027424       0.002641
      19.699999       0.039991       0.002653
      19.719999       0.045854       0.002662
      19.740000       0.046894       0.002665
      19.760000       0.048197       0.002665
      19.779999       0.045620       0.002666
      19.799999       0.038316       0.002661
      19.820000       0.035332       0.002664
      19.840000       0.037142       0.002673
      19.859999       0.034411       0.002676
      19.879999       0.037916       0.002681
      19.900000       0.038262       0.002679
      19.920000       0.036417       0.002678
      19.939999       0.037253       0.002676
      19.959999       0.046808       0.002681
      19.980000       0.046150       0.002681
      20.000000       0.048378       0.002692
      20.020000       0.050395       0.002700
      20.039999       0.053004       0.002709
      20.059999       0.051076       0.002712
      20.080000       0.049419       0.002711
      20.100000       0.051402       0.002713
      20.119999       0.052925       0.002714
      20.139999       0.055951       0.002718
      20.160000       0.051347       0.002720
      20.180000       0.051436       0.002721
      20.199999       0.047425       0.002717
      20.219999       0.040745       0.002713
      20.240000       0.034138       0.002709
      20.260000       0.032851       0.002710
      20.279999       0.033456       0.002716
      20.299999       0.028126       0.002717
      20.320000       0.025786       0.002715
      20.340000       0.019552       0.002707
      20.359999       0.013462       0.002699
      20.379999       0.011712       0.002698
      20.400000       0.016375       0.002706
      20.420000       0.019705       0.002715
      20.439999       0.018296       0.002721
      20.459999       0.015564       0.002725
      20.480000       0.016149       0.002727
      20.500000       0.015536       0.002720
      20.520000       0.009986       0.002717
      20.539999       0.007132       0.002717
      20.559999       0.007041       0.002723
      20.580000       0.011170       0.002730
      20.600000       0.013322       0.002734
      20.619999       0.015883       0.002738
      20.639999       0.017398       0.002741
      20.660000       0.019800       0.002745
      20.680000       0.025573       0.002751
      20.699999       0.027017       0.002756
      20.719999       0.028208       0.002762
      20.740000       0.032702       0.002768
      20.760000       0.039547       0.002774
      20.779999       0.040892       0.002775
      20.799999       0.032411       0.002769
      20.820000       0.022009       0.002765
      20.840000       0.018443       0.002767
      20.859999       0.014230       0.002765
      20.879999       0.010182       0.002762
      20.900000       0.010145       0.002766
      20.920000       0.013413       0.002770
      20.939999       0.022197       0.002775
      20.959999       0.020316       0.002777
      20.980000       0.017094       0.002780
      21.000000       0.012805       0.002778
      21.020000       0.007933       0.002775
      21.039999       0.007272       0.002774
      21.059999       0.003051       0.002773
      21.080000       0.003317       0.002777
      21.100000       0.004001       0.002781
      21.119999       0.003122       0.002784
      21.139999       0.002269       0.002789
      21.160000       0.005842       0.002790
      21.180000       0.001782       0.002785
      21.199999      -0.000536       0.002785
      21.219999      -0.001974       0.002786
      21.240000      -0.000415       0.002788
      21.260000      -0.001767       0.002788
      21.279999      -0.006284       0.002788
      21.299999      -0.003641       0.002787
      21.320000      -0.006253       0.002784
      21.340000      -0.005239       0.002789
      21.359999      -0.005274       0.002794
      21.379999      -0.004382       0.002803
      21.400000      -0.000070       0.002810
      21.420000       0.002424       0.002811
      21.439999      -0.002150       0.002807
      21.459999       0.000838       0.002809
      21.480000      -0.000553       0.002810
      21.500000       0.004116       0.002818
      21.520000      -0.000159       0.002819
      21.539999      -0.003576       0.002821
      21.559999      -0.000302       0.002824
      21.580000      -0.001815       0.002823
      21.600000      -0.005711       0.002820
      21.619999      -0.003792       0.002821
      21.639999      -0.006733       0.002821
      21.660000      -0.009079       0.002825
      21.680000      -0.002789       0.002838
      21.699999      -0.002056       0.002836
      21.719999      -0.004375       0.002836
      21.740000      -0.003272       0.002838
      21.760000      -0.005121       0.002838
      21.779999      -0.003623       0.002842
      21.799999       0.002108       0.002848
      21.820000       0.004890       0.002851
      21.840000       0.002473       0.002851
      21.859999      -0.001334       0.002846
      21.879999      -0.000812       0.002845
      21.900000      -0.004399       0.002847
      21.920000      -0.007956       0.002848
      21.939999      -0.005127       0.002855
      21.959999      -0.005053       0.002862
      21.980000      -0.006006       0.002867
      22.000000      -0.007959       0.002866
      22.020000      -0.007548       0.002866
      22.039999      -0.009850       0.002868
      22.059999      -0.009500       0.002870
      22.080000      -0.010022       0.002869
      22.100000      -0.012722       0.002869
      22.119999      -0.017755       0.002867
      22.139999      -0.022113       0.002865
      22.160000      -0.019255       0.002867
      22.180000      -0.017643       0.002868
      22.199999      -0.023041       0.002870
      22.219999      -0.023329       0.002871
      22.240000      -0.019987       0.002876
      22.260000      -0.023830       0.002878
      22.279999      -0.025279       0.002874
      22.299999      -0.024713       0.002875
      22.320000      -0.020118       0.002883
      22.340000      -0.016637       0.002888
      22.359999      -0.019314       0.002891
      22.379999      -0.020632       0.002893
      22.400000      -0.020723       0.002896
      22.420000      -0.021850       0.002896
      22.439999      -0.023952       0.002897
      22.459999      -0.022103       0.002900
      22.480000      -0.023011       0.002900
      22.500000      -0.026534       0.002901
      22.519999      -0.026474       0.002903
      22.539999      -0.028889       0.002901
      22.559999      -0.029493       0.002903
      22.580000      -0.025253       0.002907
      22.600000      -0.032795       0.002905
      22.619999      -0.031312       0.002908
      22.639999      -0.035155       0.002906
      22.660000      -0.035992       0.002906
      22.680000      -0.034789       0.002907
      22.699999      -0.036630       0.002910
      22.719999      -0.034230       0.002913
      22.740000      -0.037858       0.002911
      22.760000      -0.039764       0.002913
      22.779999      -0.033144       0.002919
      22.799999      -0.030770       0.002923
      22.820000      -0.030577       0.002922
      22.840000      -0.037853       0.002922
      22.859999      -0.038180       0.002924
      22.879999      -0.038465       0.002931
      22.900000      -0.032042       0.002937
      22.920000      -0.032407       0.002937
      22.939999      -0.038074       0.002930
      22.959999      -0.035499       0.002932
      22.980000      -0.031595       0.002938
      23.000000      -0.026190       0.002946
      23.019999      -0.024200       0.002956
      23.039999      -0.021840       0.002958
      23.059999      -0.023829       0.002959
      23.080000      -0.022441       0.002962
      23.100000      -0.028363       0.002962
      23.119999      -0.025196       0.002964
      23.139999      -0.021807       0.002970
      23.160000      -0.026176       0.002972
      23.180000      -0.024236       0.002973
      23.199999      -0.029696       0.002968
      23.219999      -0.028171       0.002971
      23.240000      -0.025845       0.002970
      23.260000      -0.026596       0.002974
      23.279999      -0.026071       0.002975
      23.299999      -0.023407       0.002981
      23.320000      -0.017545       0.002994
      23.340000      -0.010629       0.003002
      23.359999      -0.011765       0.003009
      23.379999      -0.011389       0.003013
      23.400000      -0.015189       0.003011
      23.420000      -0.017508       0.003010
      23.439999      -0.014906       0.003014
      23.459999      -0.013435       0.003011
      23.480000      -0.017251       0.003009
      23.500000      -0.018487       0.003010
      23.519999      -0.018086       0.003015
      23.539999      -0.015060       0.003017
      23.559999      -0.016671       0.003020
      23.580000      -0.016136       0.003028
      23.600000      -0.013804       0.003031
      23.619999      -0.008710       0.003038
      23.639999      -0.007336       0.003040
      23.660000      -0.002776       0.003047
      23.680000       0.002203       0.003053
      23.699999       0.000892       0.003055
      23.719999      -0.000142       0.003047
      23.740000       0.002142       0.003050
      23.760000       0.002955       0.003054
      23.779999      -0.000207       0.003057
      23.799999       0.000298       0.003060
      23.820000       0.002553       0.003067
      23.840000       0.002625       0.003075
      23.859999       0.003627       0.003076
      23.879999       0.005935       0.003078
      23.900000       0.005496       0.003078
      23.920000       0.005237       0.003080
      23.939999       0.011873       0.003091
      23.959999       0.015038       0.003096
      23.980000       0.012975       0.003101
      24.000000       0.014441       0.003100
      24.019999       0.012557       0.003099
      24.039999       0.014991       0.003101
      24.059999       0.013342       0.003102
      24.080000       0.016409       0.003109
      24.100000       0.018106       0.003116
      24.119999       0.018812       0.003122
      24.139999       0.028178       0.003128
      24.160000       0.025840       0.003123
      24.180000       0.024138       0.003124
      24.199999       0.025818       0.003128
      24.219999       0.029211       0.003138
      24.240000       0.032308       0.003145
      24.260000       0.027329       0.003149
      24.279999       0.030928       0.003148
      24.299999       0.026964       0.003147
      24.320000       0.036222       0.003152
      24.340000       0.033475       0.003147
      24.359999       0.031158       0.003147
      24.379999       0.033490       0.003161
      24.400000       0.041086       0.003169
      24.420000       0.040654       0.003175
      24.439999       0.039887       0.003179
      24.459999       0.038262       0.003179
      24.480000       0.039198       0.003176
      24.500000       0.033600       0.003174
      24.519999       0.032828       0.003176
      24.539999       0.040872       0.003186
      24.559999       0.042405       0.003192
      24.580000       0.037632       0.003191
      24.600000       0.039937       0.003193
      24.619999       0.039817       0.003193
      24.639999       0.037592       0.003185
      24.660000       0.036283       0.003191
      24.680000       0.033352       0.003192
      24.699999       0.036334       0.003199
      24.719999       0.038544       0.003201
      24.740000       0.033697       0.003205
      24.760000       0.036471       0.003214
      24.779999       0.035518       0.003218
      24.799999       0.034985       0.003219
      24.820000       0.031397       0.003216
      24.840000       0.032625       0.003219
      24.859999       0.029587       0.003220
      24.879999       0.030033       0.003222
      24.900000       0.027800       0.003214
      24.920000       0.025085       0.003209
      24.939999       0.027862       0.003211
      24.959999       0.020720       0.003214
      24.980000       0.025145       0.003221
      25.000000       0.026345       0.003227
      25.019999       0.021562       0.003231
      25.039999       0.021693       0.003229
      25.059999       0.019825       0.003222
      25.080000       0.015431       0.003217
      25.100000       0.018746       0.003215
      25.119999       0.010720       0.003216
      25.139999       0.002716       0.003211
      25.160000       0.004695       0.003219
      25.180000       0.009929       0.003226
      25.199999       0.008534       0.003226
      25.219999       0.007949       0.003232
      25.240000       0.007986       0.003236
      25.260000       0.008445       0.003238
      25.279999       0.003842       0.003235
      25.299999       0.003044       0.003227
      25.320000      -0.003110       0.003230
      25.340000      -0.007543       0.003231
      25.359999      -0.006477       0.003231
      25.379999      -0.009778       0.003233
      25.400000      -0.003550       0.003243
      25.420000      -0.010810       0.003236
      25.439999      -0.012977       0.003232
      25.459999      -0.019112       0.003225
      25.480000      -0.012142       0.003230
      25.500000      -0.011593       0.003229
      25.519999      -0.017064       0.003234
      25.539999      -0.023102       0.003234
      25.559999      -0.024170       0.003238
      25.580000      -0.022125       0.003240
      25.599998      -0.016053       0.003247
      25.619999      -0.018434       0.003245
      25.639999      -0.021954       0.003242
      25.660000      -0.023710       0.003244
      25.680000      -0.020852       0.003254
      25.699999      -0.025423       0.003252
      25.719999      -0.022791       0.003255
      25.740000      -0.019263       0.003257
      25.760000      -0.018560       0.003259
      25.779999      -0.021884       0.003258
      25.799999      -0.024492       0.003258
      25.820000      -0.022142       0.003267
      25.840000      -0.025750       0.003267
      25.859999      -0.023609       0.003274
      25.879999      -0.026017       0.003272
      25.900000      -0.023289       0.003282
      25.920000      -0.022021       0.003282
      25.939999      -0.021229       0.003282
      25.959999      -0.025939       0.003279
      25.980000      -0.023467       0.003287
      26.000000      -0.023471       0.003287
      26.019999      -0.026721       0.003285
      26.039999      -0.020216       0.003296
      26.059999      -0.027207       0.003295
      26.080000      -0.028881       0.003295
      26.099998      -0.028848       0.003295
      26.119999      -0.031346       0.003293
      26.139999      -0.029832       0.003294
      26.160000      -0.030084       0.003294
      26.180000      -0.028521       0.003300
      26.199999      -0.030387       0.003304
      26.219999      -0.033355       0.003302
      26.240000      -0.034666       0.003300
      26.260000      -0.031363       0.003304
      26.279999      -0.032758       0.003304
      26.299999      -0.032751       0.003304
      26.320000      -0.030622       0.003312
      26.340000      -0.024725       0.003330
      26.359999      -0.021713       0.003337
      26.379999      -0.031525       0.003331
      26.400000      -0.028081       0.003335
      26.420000      -0.028039       0.003333
      26.439999      -0.030941       0.003335
      26.459999      -0.021659       0.003347
      26.480000      -0.020011       0.003354
      26.500000      -0.025672       0.003348
      26.519999      -0.024952       0.003351
      26.539999      -0.027104       0.003345
      26.559999      -0.031398       0.003336
      26.580000      -0.029821       0.003339
      26.599998      -0.032974       0.003339
      26.619999      -0.028414       0.003356
      26.639999      -0.018766       0.003372
      26.660000      -0.018256       0.003378
      26.680000      -0.011809       0.003377
      26.699999      -0.020528       0.003376
      26.719999      -0.019866       0.003375
      26.740000      -0.016712       0.003379
      26.760000      -0.020235       0.003376
      26.779999      -0.021403       0.003383
      26.799999      -0.017962       0.003390
      26.820000      -0.014553       0.003390
      26.840000      -0.012334       0.003394
      26.859999      -0.013517       0.003395
      26.879999      -0.011857       0.003397
      26.900000      -0.010546       0.003408
      26.920000      -0.010050       0.003409
      26.939999      -0.013683       0.003410
      26.959999      -0.016825       0.003413
      26.980000      -0.006202       0.003419
      27.000000      -0.010734       0.003415
      27.019999      -0.008045       0.003422
      27.039999      -0.006445       0.003421
      27.059999      -0.011396       0.003420
      27.080000      -0.010370       0.003425
      27.099998      -0.006943       0.003430
      27.119999      -0.014589       0.003425
      27.139999      -0.005266       0.003436
      27.160000      -0.008441       0.003442
      27.180000      -0.006876       0.003454
      27.199999      -0.002086       0.003461
      27.219999      -0.002069       0.003462
      27.240000      -0.002479       0.003460
      27.260000      -0.001319       0.003456
      27.279999      -0.007376       0.003454
      27.299999      -0.007926       0.003453
      27.320000      -0.001593       0.003459
      27.340000      -0.005482       0.003461
      27.359999       0.002362       0.003470
      27.379999       0.000317       0.003477
      27.400000       0.001274       0.003475
      27.420000      -0.006182       0.003474
      27.439999      -0.004987       0.003476
      27.459999       0.000626       0.003483
      27.480000       0.001921       0.003487
      27.500000      -0.001502       0.003490
      27.519999       0.004097       0.003496
      27.539999       0.007015       0.003501
      27.559999       0.003239       0.003504
      27.580000       0.002136       0.003511
      27.599998       0.010478       0.003518
      27.619999       0.011072       0.003520
      27.639999       0.004495       0.003518
      27.660000       0.002350       0.003517
      27.680000       0.003448       0.003520
      27.699999       0.003948       0.003519
      27.719999       0.004448       0.003519
      27.740000       0.005018       0.003516
      27.760000      -0.001353       0.003512
      27.779999       0.002441       0.003520
      27.799999       0.006838       0.003529
      27.820000       0.004795       0.003531
      27.840000      -0.001229       0.003535
      27.859999       0.004424       0.003544
      27.879999       0.005256       0.003542
      27.900000       0.002324       0.003540
      27.920000       0.003937       0.003551
      27.939999       0.007484       0.003554
      27.959999       0.004303       0.003550
      27.980000      -0.000004       0.003546
      28.000000       0.001683       0.003546
      28.019999       0.002449       0.003545
      28.039999       0.006947       0.003558
      28.059999       0.007678       0.003564
      28.080000       0.004519       0.003570
      28.099998       0.002233       0.003570
      28.119999       0.008283       0.003580
      28.139999       0.005374       0.003574
      28.160000       0.009616       0.003584
      28.180000       0.007143       0.003583
      28.199999       0.008417       0.003583
      28.219999       0.003098       0.003583
      28.240000       0.003157       0.003584
      28.260000       0.001293       0.003582
      28.279999       0.005138       0.003578
      28.299999       0.001157       0.003576
      28.320000      -0.001028       0.003577
      28.340000       0.004278       0.003593
      28.359999       0.011423       0.003608
      28.379999       0.012325       0.003614
      28.400000       0.012609       0.003620
      28.420000       0.010868       0.003622
      28.439999       0.008286       0.003619
      28.459999       0.010628       0.003622
      28.480000       0.011140       0.003624
      28.500000       0.009180       0.003624
      28.519999       0.010493       0.003627
      28.539999       0.011095       0.003631
      28.559999       0.008036       0.003631
      28.580000       0.007781       0.003633
      28.599998       0.007537       0.003632
      28.619999       0.009082       0.003638
      28.639999       0.011704       0.003647
      28.660000       0.014192       0.003655
      28.680000       0.011796       0.003658
      28.699999       0.012824       0.003658
      28.719999       0.011826       0.003661
      28.740000       0.009104       0.003666
      28.760000       0.015418       0.003672
      28.779999       0.015158       0.003673
      28.799999       0.015283       0.003677
      28.820000       0.015519       0.003671
      28.840000       0.012097       0.003669
      28.859999       0.010709       0.003668
      28.879999       0.011531       0.003674
      28.900000       0.017672       0.003688
      28.920000       0.018376       0.003698
      28.939999       0.020641       0.003704
      28.959999       0.022754       0.003706
      28.980000       0.023474       0.003707
      29.000000       0.021662       0.003705
      29.019999       0.015214       0.003701
      29.039999       0.010759       0.003698
      29.059999       0.006571       0.003694
      29.080000       0.007680       0.003692
      29.099998       0.005937       0.003689
      29.119999       0.001814       0.003686
      29.139999       0.000645       0.003693
      29.160000       0.006965       0.003701
      29.179998       0.008197       0.003701
      29.199999       0.010112       0.003711
      29.219999       0.012170       0.003714
      29.240000       0.009357       0.003716
      29.260000       0.009259       0.003718
      29.279999       0.004831       0.003718
      29.299999       0.006264       0.003724
      29.320000       0.007059       0.003730
      29.340000       0.006534       0.003730
      29.359999       0.007446       0.003731
      29.379999       0.004091       0.003728
      29.400000       0.004421       0.003730
      29.420000      -0.000465       0.003725
      29.439999       0.001232       0.003722
      29.459999      -0.000074       0.003727
      29.480000      -0.005002       0.003734
      29.500000       0.002290       0.003752
      29.519999       0.003855       0.003756
      29.539999      -0.000543       0.003757
      29.559999       0.001011       0.003761
      29.580000      -0.003936       0.003754
      29.599998      -0.000465       0.003758
      29.619999      -0.000945       0.003751
      29.639999      -0.003272       0.003751
      29.660000      -0.008332       0.003750
      29.679998      -0.004183       0.003758
      29.699999      -0.005922       0.003752
      29.719999      -0.006627       0.003754
      29.740000      -0.011273       0.003759
      29.760000      -0.010843       0.003763
      29.779999      -0.012402       0.003757
      29.799999      -0.016891       0.003757
      29.820000      -0.018940       0.003756
      29.840000      -0.016257       0.003767
      29.859999      -0.006930       0.003782
      29.879999      -0.005811       0.003784
      29.900000      -0.018876       0.003782
      29.920000      -0.015446       0.003787
      29.939999      -0.018414       0.003778
      29.959999      -0.017593       0.003774
      29.980000      -0.018950       0.003776
      30.000000      -0.021545       0.003775
      30.019999      -0.019225       0.003782
      30.039999      -0.016575       0.003787
      30.059999      -0.020403       0.003787
      30.080000      -0.020928       0.003787
      30.099998      -0.024217       0.003778
      30.119999      -0.029081       0.003775
      30.139999      -0.027559       0.003779
      30.160000      -0.026332       0.003793
      30.179998      -0.021822       0.003802
      30.199999      -0.020199       0.003816
      30.219999      -0.020710       0.003806
      30.240000      -0.027380       0.003803
      30.260000      -0.029196       0.003800
      30.279999      -0.026360       0.003804
      30.299999      -0.025211       0.003801
      30.320000      -0.027677       0.003804
      30.340000      -0.031004       0.003813
      30.359999      -0.029824       0.003820
      30.379999      -0.028931       0.003815
      30.400000      -0.029493       0.003824
      30.420000      -0.023355       0.003831
      30.439999      -0.026084       0.003832
      30.459999      -0.020168       0.003839
      30.480000      -0.026383       0.003842
      30.500000      -0.028965       0.003840
      30.519999      -0.029136       0.003834
      30.539999      -0.028966       0.003829
      30.559999      -0.030850       0.003829
      30.580000      -0.030492       0.003833
      30.599998      -0.030809       0.003832
      30.619999      -0.031108       0.003843
      30.639999      -0.025485       0.003853
      30.660000      -0.024035       0.003861
      30.679998      -0.020696       0.003876
      30.699999      -0.017947       0.003882
      30.719999      -0.020988       0.003881
      30.740000      -0.014898       0.003892
      30.760000      -0.016144       0.003897
      30.779999      -0.017849       0.003888
      30.799999      -0.021842       0.003881
      30.820000      -0.024501       0.003880
      30.840000      -0.023717       0.003882
      30.859999      -0.022022       0.003889
      30.879999      -0.021719       0.003885
      30.900000      -0.019968       0.003890
      30.920000      -0.020499       0.003898
      30.939999      -0.016911       0.003911
      30.959999      -0.020643       0.003909
      30.980000      -0.014485       0.003913
      31.000000      -0.011305       0.003919
      31.019999      -0.014426       0.003920
      31.039999      -0.007406       0.003930
      31.059999      -0.008545       0.003928
      31.080000      -0.012342       0.003922
      31.099998      -0.017656       0.003928
      31.119999      -0.014935       0.003933
      31.139999      -0.009214       0.003935
      31.160000      -0.007019       0.003940
      31.179998      -0.006927       0.003944
      31.199999      -0.008094       0.003947
      31.219999      -0.006799       0.003950
      31.240000      -0.000971       0.003964
      31.260000      -0.005019       0.003970
      31.279999      -0.007062       0.003968
      31.299999      -0.000162       0.003979
      31.320000      -0.007350       0.003972
      31.340000      -0.003371       0.003972
      31.359999      -0.003267       0.003979
      31.379999       0.003769       0.003990
      31.400000       0.003329       0.003997
