#       1571
#     file:    SofQ/NOM_9999_BaTiO3_SQ.dat
#     created: Mon Jul 25 14:47:41 2016
#     Comment: neutron, Qmax=31.414, Qdamp=0.017659, Qbroad= 0.0191822
#     
       0.000000      -0.561896       0.000000
       0.020000      -0.561896       0.000000
       0.040000      -0.561896       0.000000
       0.060000      -0.561896       0.000000
       0.080000      -0.561895       0.000000
       0.100000      -0.561895       0.000000
       0.120000      -0.561895       0.000000
       0.140000      -0.561895       0.000000
       0.160000      -0.561894       0.040979
       0.180000      -0.561894       0.017473
       0.200000      -0.561893       0.016130
       0.220000      -0.561893       0.011710
       0.240000      -0.561892       0.008850
       0.260000      -0.561892       0.007011
       0.280000      -0.561891       0.005856
       0.300000      -0.561890       0.005137
       0.320000      -0.561889       0.004635
       0.340000      -0.561889       0.004297
       0.360000      -0.561888       0.004075
       0.380000      -0.561887       0.003974
       0.400000      -0.561886       0.003958
       0.420000      -0.561885       0.003976
       0.440000      -0.561884       0.004065
       0.460000      -0.561882       0.004162
       0.480000      -0.561881       0.004226
       0.500000      -0.561880       0.004241
       0.520000      -0.551949       0.004199
       0.540000      -0.549999       0.004119
       0.560000      -0.558071       0.004028
       0.580000      -0.560203       0.003935
       0.600000      -0.554671       0.003840
       0.620000      -0.563530       0.003757
       0.640000      -0.565538       0.003665
       0.660000      -0.573905       0.003581
       0.680000      -0.573070       0.003519
       0.700000      -0.579438       0.003469
       0.720000      -0.586287       0.003442
       0.740000      -0.590942       0.003432
       0.760000      -0.597883       0.003457
       0.780000      -0.600913       0.003500
       0.800000      -0.593012       0.003567
       0.820000      -0.592206       0.003637
       0.840000      -0.596588       0.003694
       0.860000      -0.594311       0.003767
       0.880000      -0.593756       0.003838
       0.900000      -0.588311       0.003908
       0.920000      -0.594432       0.003987
       0.940000      -0.602606       0.004069
       0.960000      -0.594082       0.004150
       0.980000      -0.596699       0.004231
       1.000000      -0.594543       0.004303
       1.020000      -0.584461       0.004345
       1.040000      -0.576785       0.004326
       1.060000      -0.583105       0.004275
       1.080000      -0.581188       0.004174
       1.100000      -0.576846       0.004053
       1.120000      -0.578621       0.003930
       1.140000      -0.581886       0.003822
       1.160000      -0.587689       0.003718
       1.180000      -0.583964       0.003622
       1.200000      -0.584499       0.003526
       1.220000      -0.590887       0.003436
       1.240000      -0.589746       0.003353
       1.260000      -0.592915       0.003280
       1.280000      -0.593062       0.003216
       1.300000      -0.587792       0.003164
       1.320000      -0.578370       0.003115
       1.340000      -0.562264       0.003071
       1.360000      -0.540627       0.003037
       1.380000      -0.525116       0.003000
       1.400000      -0.543433       0.002947
       1.420000      -0.571763       0.002891
       1.440000      -0.584648       0.002846
       1.460000      -0.583327       0.002820
       1.480000      -0.574107       0.002802
       1.500000      -0.542184       0.002809
       1.520000      -0.448194       0.002866
       1.540000      -0.262287       0.002986
       1.560000      -0.118746       0.003085
       1.580000      -0.210091       0.003050
       1.600000      -0.414670       0.002937
       1.620000      -0.535140       0.002879
       1.640000      -0.580871       0.002873
       1.660000      -0.597813       0.002885
       1.680000      -0.602743       0.002904
       1.700000      -0.604887       0.002913
       1.720000      -0.606021       0.002922
       1.740000      -0.603557       0.002925
       1.760000      -0.605744       0.002930
       1.780000      -0.608731       0.002936
       1.800000      -0.606523       0.002944
       1.820000      -0.604793       0.002950
       1.840000      -0.604863       0.002960
       1.860000      -0.604127       0.002971
       1.880000      -0.607328       0.002979
       1.900000      -0.607300       0.002987
       1.920000      -0.603627       0.002997
       1.940000      -0.604179       0.003007
       1.960000      -0.596681       0.003017
       1.980000      -0.591211       0.003026
       2.000000      -0.587488       0.003032
       2.020000      -0.583151       0.003035
       2.040000      -0.567035       0.003037
       2.060000      -0.549909       0.003036
       2.080000      -0.542196       0.003028
       2.100000      -0.539249       0.003008
       2.120000      -0.511394       0.002989
       2.140000      -0.438900       0.003006
       2.160000      -0.302679       0.003064
       2.180000      -0.094983       0.003163
       2.200000       0.191194       0.003294
       2.220000       0.329545       0.003332
       2.240000       0.004924       0.003110
       2.260000      -0.337174       0.002871
       2.280000      -0.478572       0.002745
       2.300000      -0.523248       0.002683
       2.320000      -0.533404       0.002644
       2.340000      -0.541217       0.002603
       2.360000      -0.539033       0.002577
       2.380000      -0.521901       0.002561
       2.400000      -0.525571       0.002526
       2.420000      -0.534900       0.002499
       2.440000      -0.539893       0.002474
       2.460000      -0.543936       0.002444
       2.480000      -0.532838       0.002430
       2.500000      -0.509867       0.002417
       2.520000      -0.477535       0.002415
       2.540000      -0.424935       0.002426
       2.560000      -0.346989       0.002447
       2.580000      -0.196488       0.002512
       2.600000       0.070382       0.002623
       2.620000       0.608371       0.002854
       2.640000       1.719236       0.003289
       2.660000       4.126612       0.004078
       2.680000       8.865213       0.005292
       2.700000      16.183311       0.006734
       2.720000      18.551363       0.007106
       2.740000       9.707401       0.005387
       2.760000       2.767086       0.003535
       2.780000       0.517281       0.002674
       2.800000      -0.085223       0.002391
       2.820000      -0.318398       0.002266
       2.840000      -0.430998       0.002195
       2.860000      -0.485137       0.002162
       2.880000      -0.510249       0.002146
       2.900000      -0.515246       0.002152
       2.920000      -0.520049       0.002172
       2.940000      -0.518674       0.002186
       2.960000      -0.504421       0.002166
       2.980000      -0.469532       0.002148
       3.000000      -0.426718       0.002160
       3.020000      -0.342490       0.002189
       3.040000      -0.177124       0.002266
       3.060000       0.167385       0.002427
       3.080000       0.871942       0.002720
       3.100000       2.150582       0.003190
       3.120000       3.663506       0.003678
       3.140000       4.140424       0.003832
       3.160000       2.805925       0.003442
       3.180000       1.006159       0.002820
       3.200000       0.031747       0.002413
       3.220000      -0.329652       0.002246
       3.240000      -0.464575       0.002185
       3.260000      -0.528897       0.002146
       3.280000      -0.555046       0.002127
       3.300000      -0.572702       0.002113
       3.320000      -0.584109       0.002094
       3.340000      -0.590338       0.002086
       3.360000      -0.591103       0.002077
       3.380000      -0.588142       0.002073
       3.400000      -0.576370       0.002071
       3.420000      -0.553763       0.002074
       3.440000      -0.507434       0.002087
       3.460000      -0.418333       0.002124
       3.480000      -0.254319       0.002194
       3.500000      -0.129221       0.002244
       3.520000      -0.223717       0.002193
       3.540000      -0.427203       0.002086
       3.560000      -0.547007       0.002020
       3.580000      -0.589729       0.001988
       3.600000      -0.603480       0.001971
       3.620000      -0.613480       0.001956
       3.640000      -0.611855       0.001946
       3.660000      -0.613016       0.001940
       3.680000      -0.616737       0.001929
       3.700000      -0.616262       0.001920
       3.720000      -0.608756       0.001914
       3.740000      -0.597521       0.001911
       3.760000      -0.577196       0.001915
       3.780000      -0.528006       0.001927
       3.800000      -0.410038       0.001975
       3.820000      -0.150288       0.002083
       3.840000       0.086711       0.002171
       3.860000      -0.156559       0.002059
       3.880000      -0.460781       0.001913
       3.900000      -0.569335       0.001855
       3.920000      -0.598922       0.001830
       3.940000      -0.608866       0.001818
       3.960000      -0.611804       0.001809
       3.980000      -0.616482       0.001799
       4.000000      -0.624134       0.001789
       4.020000      -0.627366       0.001781
       4.040000      -0.624380       0.001780
       4.060000      -0.624565       0.001781
       4.080000      -0.622620       0.001786
       4.100000      -0.627408       0.001782
       4.120000      -0.623163       0.001781
       4.140000      -0.624273       0.001781
       4.160000      -0.616530       0.001774
       4.180000      -0.610330       0.001753
       4.200000      -0.600448       0.001736
       4.220000      -0.597723       0.001703
       4.240000      -0.585222       0.001670
       4.260000      -0.573022       0.001631
       4.280000      -0.552350       0.001593
       4.300000      -0.514025       0.001574
       4.320000      -0.452679       0.001577
       4.340000      -0.355296       0.001593
       4.360000      -0.141508       0.001661
       4.380000       0.343242       0.001824
       4.400000       1.634120       0.002198
       4.420000       5.349828       0.003023
       4.440000       6.037774       0.003154
       4.460000       1.985174       0.002291
       4.480000       0.108293       0.001754
       4.500000      -0.334241       0.001605
       4.520000      -0.484495       0.001554
       4.540000      -0.547681       0.001534
       4.560000      -0.574068       0.001526
       4.580000      -0.586754       0.001524
       4.600000      -0.589718       0.001524
       4.620000      -0.577571       0.001529
       4.640000      -0.546178       0.001547
       4.660000      -0.472730       0.001580
       4.680000      -0.300661       0.001649
       4.700000      -0.061843       0.001736
       4.720000      -0.317987       0.001647
       4.740000      -0.525771       0.001569
       4.760000      -0.575190       0.001552
       4.780000      -0.590314       0.001550
       4.800000      -0.590887       0.001553
       4.820000      -0.585930       0.001561
       4.840000      -0.581671       0.001566
       4.860000      -0.573474       0.001572
       4.880000      -0.560491       0.001581
       4.900000      -0.522108       0.001602
       4.920000      -0.421047       0.001647
       4.940000      -0.303164       0.001697
       4.960000      -0.214920       0.001737
       4.980000      -0.242291       0.001733
       5.000000      -0.413808       0.001671
       5.020000      -0.422892       0.001676
       5.040000      -0.366492       0.001708
       5.060000      -0.287754       0.001761
       5.080000      -0.131066       0.001857
       5.100000       0.157822       0.001945
       5.120000       0.713484       0.002120
       5.140000       1.887054       0.002477
       5.160000       4.824489       0.003208
       5.180000       9.832203       0.004175
       5.200000      12.502151       0.004619
       5.220000      10.543709       0.004321
       5.240000       2.568793       0.002704
       5.260000       0.594632       0.002124
       5.280000       0.001578       0.001914
       5.300000      -0.239213       0.001827
       5.320000      -0.332198       0.001796
       5.340000      -0.336375       0.001797
       5.360000      -0.274706       0.001829
       5.380000      -0.086928       0.001910
       5.400000       0.447700       0.002113
       5.420000       2.087481       0.002644
       5.440000       2.116829       0.002661
       5.460000       0.070877       0.001995
       5.480000      -0.364262       0.001825
       5.500000      -0.481919       0.001779
       5.520000      -0.536838       0.001758
       5.540000      -0.561064       0.001753
       5.560000      -0.569102       0.001754
       5.580000      -0.562235       0.001760
       5.600000      -0.542719       0.001776
       5.620000      -0.490648       0.001807
       5.640000      -0.418694       0.001846
       5.660000      -0.403925       0.001859
       5.680000      -0.507758       0.001820
       5.700000      -0.572394       0.001796
       5.720000      -0.586228       0.001795
       5.740000      -0.589513       0.001800
       5.760000      -0.582393       0.001808
       5.780000      -0.572085       0.001822
       5.800000      -0.544649       0.001840
       5.820000      -0.483753       0.001876
       5.840000      -0.328432       0.001957
       5.860000      -0.132662       0.002055
       5.880000      -0.168132       0.002048
       5.900000      -0.452365       0.001917
       5.920000      -0.554533       0.001873
       5.940000      -0.578778       0.001866
       5.960000      -0.591053       0.001868
       5.980000      -0.594433       0.001872
       6.000000      -0.591146       0.001879
       6.020000      -0.587997       0.001886
       6.040000      -0.589020       0.001894
       6.060000      -0.586787       0.001902
       6.080000      -0.583772       0.001911
       6.100000      -0.577738       0.001923
       6.120000      -0.568422       0.001934
       6.140000      -0.548638       0.001950
       6.160000      -0.524942       0.001968
       6.180000      -0.475492       0.001996
       6.200000      -0.375654       0.002051
       6.220000      -0.150678       0.002168
       6.240000       0.060894       0.002270
       6.260000       0.106129       0.002294
       6.280000       0.283428       0.002378
       6.300000       0.260686       0.002376
       6.320000      -0.281639       0.002134
       6.340000      -0.443990       0.002060
       6.360000      -0.490396       0.002041
       6.380000      -0.493109       0.002045
       6.400000      -0.462470       0.002068
       6.420000      -0.368048       0.002119
       6.440000      -0.295287       0.002163
       6.460000      -0.236599       0.002194
       6.480000      -0.306311       0.002170
       6.500000      -0.460256       0.002100
       6.520000      -0.521629       0.002075
       6.540000      -0.541040       0.002081
       6.560000      -0.533672       0.002104
       6.580000      -0.511305       0.002108
       6.600000      -0.466609       0.002126
       6.620000      -0.389478       0.002170
       6.640000      -0.315767       0.002214
       6.660000      -0.267926       0.002249
       6.680000      -0.278732       0.002250
       6.700000      -0.307395       0.002242
       6.720000      -0.234118       0.002286
       6.740000      -0.091165       0.002367
       6.760000       0.190121       0.002513
       6.780000       0.794671       0.002796
       6.800000       2.321087       0.003400
       6.820000       5.708753       0.004460
       6.840000       6.159349       0.004597
       6.860000       3.297345       0.003770
       6.880000       0.895825       0.002886
       6.900000       0.241924       0.002595
       6.920000       0.077075       0.002521
       6.940000       0.179562       0.002577
       6.960000       0.626910       0.002797
       6.980000       1.549025       0.003197
       7.000000       1.940930       0.003360
       7.020000       2.413329       0.003543
       7.040000       1.678310       0.003274
       7.060000       0.295781       0.002679
       7.080000      -0.148923       0.002460
       7.100000      -0.302522       0.002382
       7.120000      -0.341178       0.002368
       7.140000      -0.285954       0.002405
       7.160000      -0.201636       0.002459
       7.180000      -0.254954       0.002440
       7.200000      -0.306708       0.002419
       7.220000      -0.431741       0.002345
       7.240000      -0.499672       0.002309
       7.260000      -0.525393       0.002299
       7.280000      -0.531976       0.002300
       7.300000      -0.532445       0.002307
       7.320000      -0.509866       0.002322
       7.340000      -0.450437       0.002364
       7.360000      -0.420506       0.002387
       7.380000      -0.487987       0.002351
       7.400000      -0.529137       0.002334
       7.420000      -0.532717       0.002338
       7.440000      -0.534623       0.002341
       7.460000      -0.530611       0.002347
       7.480000      -0.525186       0.002360
       7.500000      -0.511276       0.002373
       7.520000      -0.487387       0.002392
       7.540000      -0.463525       0.002417
       7.560000      -0.422247       0.002448
       7.580000      -0.357850       0.002490
       7.600000      -0.247882       0.002560
       7.620000      -0.023977       0.002692
       7.640000       0.518841       0.002983
       7.660000       1.350748       0.003386
       7.680000       1.800191       0.003589
       7.700000       1.648135       0.003533
       7.720000       0.307178       0.002908
       7.740000      -0.174589       0.002653
       7.760000      -0.332113       0.002582
       7.780000      -0.392192       0.002548
       7.800000      -0.387818       0.002535
       7.820000      -0.367552       0.002545
       7.840000      -0.391908       0.002537
       7.860000      -0.414655       0.002524
       7.880000      -0.448901       0.002512
       7.900000      -0.455688       0.002511
       7.920000      -0.433321       0.002532
       7.940000      -0.396565       0.002565
       7.960000      -0.319493       0.002618
       7.980000      -0.228591       0.002684
       8.000000      -0.154963       0.002731
       8.020000      -0.104667       0.002766
       8.040000      -0.063824       0.002796
       8.059999       0.117910       0.002908
       8.080000       0.583200       0.003170
       8.099999       1.382713       0.003570
       8.120000       1.984250       0.003847
       8.139999       2.948834       0.004253
       8.160000       3.326191       0.004406
       8.179999       2.445925       0.004061
       8.200000       0.754020       0.003292
       8.220000       0.092132       0.002935
       8.240000      -0.179361       0.002775
       8.260000      -0.313773       0.002696
       8.280000      -0.391170       0.002650
       8.300000      -0.436906       0.002624
       8.320000      -0.457525       0.002609
       8.340000      -0.467134       0.002607
       8.360000      -0.461685       0.002618
       8.380000      -0.437272       0.002643
       8.400000      -0.376622       0.002683
       8.420000      -0.288737       0.002746
       8.440000      -0.265410       0.002766
       8.460000      -0.322467       0.002732
       8.480000      -0.417280       0.002677
       8.500000      -0.470840       0.002645
       8.520000      -0.479122       0.002646
       8.540000      -0.468391       0.002663
       8.559999      -0.457902       0.002672
       8.580000      -0.447694       0.002684
       8.599999      -0.426823       0.002700
       8.620000      -0.435334       0.002698
       8.639999      -0.483746       0.002670
       8.660000      -0.498506       0.002665
       8.679999      -0.508972       0.002665
       8.700000      -0.498927       0.002672
       8.720000      -0.491807       0.002678
       8.740000      -0.485429       0.002691
       8.760000      -0.461926       0.002712
       8.780000      -0.427375       0.002741
       8.800000      -0.362885       0.002798
       8.820000      -0.236268       0.002883
       8.840000       0.011120       0.003038
       8.860000       0.232662       0.003174
       8.880000       0.116851       0.003108
       8.900000      -0.042056       0.003015
       8.920000      -0.260393       0.002881
       8.940000      -0.336194       0.002835
       8.960000      -0.334363       0.002839
       8.980000      -0.299236       0.002865
       9.000000      -0.272047       0.002886
       9.020000      -0.301400       0.002877
       9.040000      -0.326130       0.002865
       9.059999      -0.356006       0.002853
       9.080000      -0.337041       0.002871
       9.099999      -0.285631       0.002909
       9.120000      -0.217459       0.002956
       9.139999      -0.124498       0.003023
       9.160000      -0.025163       0.003095
       9.179999       0.116455       0.003190
       9.200000       0.412436       0.003374
       9.220000       1.037897       0.003729
       9.240000       2.057775       0.004246
       9.260000       2.677569       0.004534
       9.280000       3.250458       0.004787
       9.300000       3.019040       0.004692
       9.320000       1.627594       0.004055
       9.340000       0.806533       0.003631
       9.360000       0.652524       0.003552
       9.380000       0.877033       0.003689
       9.400000       1.219849       0.003884
       9.420000       0.998159       0.003767
       9.440000       0.530065       0.003500
       9.460000       0.090257       0.003236
       9.480000      -0.107758       0.003107
       9.500000      -0.220163       0.003041
       9.520000      -0.291529       0.002997
       9.540000      -0.330436       0.002969
       9.559999      -0.351382       0.002954
       9.580000      -0.367065       0.002945
       9.599999      -0.388257       0.002938
       9.620000      -0.378592       0.002951
       9.639999      -0.366193       0.002959
       9.660000      -0.356610       0.002974
       9.679999      -0.345364       0.002988
       9.700000      -0.363352       0.002971
       9.719999      -0.394982       0.002956
       9.740000      -0.404833       0.002951
       9.760000      -0.395430       0.002956
       9.780000      -0.372596       0.002975
       9.800000      -0.335464       0.003010
       9.820000      -0.266733       0.003068
       9.840000      -0.135422       0.003164
       9.860000       0.037024       0.003285
       9.880000       0.099844       0.003335
       9.900000       0.138266       0.003366
       9.920000       0.226642       0.003432
       9.940000       0.368074       0.003523
       9.960000       0.233609       0.003442
       9.980000       0.010721       0.003302
      10.000000      -0.066057       0.003253
      10.020000      -0.094008       0.003238
      10.040000      -0.130945       0.003218
      10.059999      -0.193741       0.003174
      10.080000      -0.262483       0.003134
      10.099999      -0.294209       0.003113
      10.120000      -0.296675       0.003107
      10.139999      -0.275839       0.003124
      10.160000      -0.241074       0.003149
      10.179999      -0.197435       0.003180
      10.200000      -0.132358       0.003235
      10.219999       0.011552       0.003347
      10.240000       0.320374       0.003559
      10.260000       0.746962       0.003836
      10.280000       1.041345       0.004018
      10.300000       1.016680       0.004012
      10.320000       0.467976       0.003679
      10.340000       0.264923       0.003550
      10.360000       0.239290       0.003539
      10.380000       0.211689       0.003522
      10.400000       0.226002       0.003540
      10.420000       0.312264       0.003604
      10.440000       0.174140       0.003518
      10.460000      -0.063397       0.003357
      10.480000      -0.155702       0.003298
      10.500000      -0.195536       0.003271
      10.520000      -0.233252       0.003250
      10.540000      -0.283999       0.003204
      10.559999      -0.334812       0.003170
      10.580000      -0.367601       0.003153
      10.599999      -0.378064       0.003140
      10.620000      -0.391100       0.003130
      10.639999      -0.391865       0.003132
      10.660000      -0.387192       0.003144
      10.679999      -0.398179       0.003143
      10.700000      -0.405616       0.003148
      10.719999      -0.408057       0.003150
      10.740000      -0.401829       0.003154
      10.760000      -0.395704       0.003166
      10.780000      -0.382598       0.003180
      10.800000      -0.354119       0.003205
      10.820000      -0.299241       0.003251
      10.840000      -0.205876       0.003327
      10.860000      -0.105848       0.003409
      10.880000      -0.167081       0.003366
      10.900000      -0.248467       0.003311
      10.920000      -0.258409       0.003309
      10.940000      -0.250489       0.003319
      10.960000      -0.258150       0.003315
      10.980000      -0.261105       0.003313
      11.000000      -0.255648       0.003323
      11.020000      -0.246552       0.003336
      11.040000      -0.228227       0.003353
      11.059999      -0.176840       0.003399
      11.080000      -0.086688       0.003472
      11.099999       0.034850       0.003570
      11.120000       0.219926       0.003705
      11.139999       0.427034       0.003848
      11.160000       0.697758       0.004032
      11.179999       1.016173       0.004237
      11.200000       1.118508       0.004305
      11.219999       1.151927       0.004330
      11.240000       1.043138       0.004267
      11.259999       0.651538       0.004026
      11.280000       0.434135       0.003885
      11.300000       0.338004       0.003820
      11.320000       0.267093       0.003773
      11.340000       0.159351       0.003696
      11.360000       0.015383       0.003590
      11.380000      -0.082274       0.003514
      11.400000      -0.148270       0.003468
      11.420000      -0.190489       0.003443
      11.440000      -0.219353       0.003435
      11.460000      -0.245888       0.003422
      11.480000      -0.274230       0.003414
      11.500000      -0.278152       0.003410
      11.520000      -0.267064       0.003416
      11.540000      -0.265930       0.003416
      11.559999      -0.264680       0.003422
      11.580000      -0.263009       0.003432
      11.599999      -0.253249       0.003449
      11.620000      -0.220964       0.003480
      11.639999      -0.156747       0.003532
      11.660000      -0.050061       0.003621
      11.679999       0.143566       0.003763
      11.700000       0.351628       0.003919
      11.719999       0.461240       0.004002
      11.740000       0.527776       0.004057
      11.759999       0.424262       0.003988
      11.780000       0.168863       0.003804
      11.800000      -0.025677       0.003667
      11.820000      -0.097432       0.003608
      11.840000      -0.120644       0.003591
      11.860000      -0.142254       0.003587
      11.880000      -0.141189       0.003585
      11.900000      -0.124132       0.003604
      11.920000      -0.066885       0.003649
      11.940000       0.029494       0.003725
      11.960000       0.211246       0.003869
      11.980000       0.469229       0.004059
      12.000000       0.728645       0.004244
      12.020000       1.023132       0.004448
      12.040000       1.302152       0.004630
      12.059999       1.362460       0.004667
      12.080000       1.102205       0.004501
      12.099999       0.556893       0.004138
      12.120000       0.175492       0.003866
      12.139999      -0.007675       0.003728
      12.160000      -0.095247       0.003664
      12.179999      -0.131911       0.003645
      12.200000      -0.139108       0.003650
      12.219999      -0.142387       0.003650
      12.240000      -0.173610       0.003637
      12.259999      -0.205081       0.003609
      12.280000      -0.239066       0.003583
      12.300000      -0.267888       0.003561
      12.320000      -0.284071       0.003555
      12.340000      -0.281760       0.003557
      12.360000      -0.288394       0.003558
      12.380000      -0.293335       0.003559
      12.400000      -0.296788       0.003550
      12.420000      -0.301529       0.003555
      12.440000      -0.298692       0.003557
      12.460000      -0.291206       0.003571
      12.480000      -0.284459       0.003578
      12.500000      -0.271391       0.003592
      12.520000      -0.264173       0.003602
      12.540000      -0.239874       0.003627
      12.559999      -0.205841       0.003655
      12.580000      -0.176825       0.003684
      12.599999      -0.165873       0.003694
      12.620000      -0.182808       0.003687
      12.639999      -0.188770       0.003682
      12.660000      -0.197167       0.003681
      12.679999      -0.201792       0.003683
      12.700000      -0.201625       0.003688
      12.719999      -0.182270       0.003707
      12.740000      -0.139975       0.003739
      12.759999      -0.075281       0.003793
      12.780000       0.007295       0.003865
      12.799999       0.077687       0.003921
      12.820000       0.158389       0.003987
      12.840000       0.282594       0.004081
      12.860000       0.387544       0.004163
      12.880000       0.343173       0.004144
      12.900000       0.304583       0.004122
      12.920000       0.325356       0.004142
      12.940000       0.324705       0.004146
      12.960000       0.255535       0.004099
      12.980000       0.117368       0.003994
      13.000000      -0.013776       0.003894
      13.020000      -0.094754       0.003833
      13.040000      -0.136545       0.003800
      13.059999      -0.167376       0.003777
      13.080000      -0.202227       0.003754
      13.099999      -0.217242       0.003734
      13.120000      -0.229897       0.003725
      13.139999      -0.231278       0.003727
      13.160000      -0.224794       0.003739
      13.179999      -0.215310       0.003757
      13.200000      -0.188392       0.003782
      13.219999      -0.131073       0.003830
      13.240000      -0.081631       0.003875
      13.259999      -0.044196       0.003913
      13.280000      -0.000983       0.003953
      13.299999       0.021183       0.003977
      13.320000       0.046346       0.003999
      13.340000       0.058032       0.004010
      13.360000       0.005168       0.003969
      13.380000      -0.063631       0.003912
      13.400000      -0.108508       0.003875
      13.420000      -0.127122       0.003867
      13.440000      -0.118393       0.003873
      13.460000      -0.093219       0.003897
      13.480000      -0.048884       0.003936
      13.500000       0.036149       0.004008
      13.520000       0.178267       0.004128
      13.540000       0.329086       0.004250
      13.559999       0.465175       0.004367
      13.580000       0.578734       0.004458
      13.599999       0.538855       0.004432
      13.620000       0.439040       0.004361
      13.639999       0.325457       0.004271
      13.660000       0.215740       0.004184
      13.679999       0.128934       0.004119
      13.700000       0.062737       0.004079
      13.719999      -0.002059       0.004027
      13.740000      -0.060050       0.003980
      13.759999      -0.107920       0.003941
      13.780000      -0.144696       0.003902
      13.799999      -0.176421       0.003874
      13.820000      -0.197480       0.003864
      13.840000      -0.209240       0.003862
      13.860000      -0.205443       0.003865
      13.880000      -0.211450       0.003871
      13.900000      -0.199492       0.003884
      13.920000      -0.181418       0.003902
      13.940000      -0.152232       0.003933
      13.960000      -0.128555       0.003955
      13.980000      -0.106394       0.003977
      14.000000      -0.083272       0.004003
      14.020000      -0.052356       0.004033
      14.040000      -0.013521       0.004072
      14.059999       0.006078       0.004089
      14.080000      -0.014519       0.004074
      14.099999      -0.039707       0.004057
      14.120000      -0.047759       0.004049
      14.139999      -0.051071       0.004056
      14.160000      -0.034840       0.004071
      14.179999       0.007751       0.004110
      14.200000       0.071244       0.004164
      14.219999       0.172594       0.004251
      14.240000       0.307620       0.004366
      14.259999       0.442849       0.004480
      14.280000       0.563052       0.004584
      14.299999       0.649628       0.004654
      14.320000       0.628714       0.004638
      14.340000       0.484357       0.004524
      14.360000       0.335353       0.004407
      14.380000       0.247588       0.004339
      14.400000       0.188752       0.004297
      14.420000       0.100709       0.004225
      14.440000      -0.000348       0.004146
      14.460000      -0.079079       0.004087
      14.480000      -0.113575       0.004052
      14.500000      -0.145455       0.004028
      14.520000      -0.158684       0.004017
      14.540000      -0.174712       0.004004
      14.559999      -0.179176       0.004001
      14.580000      -0.185891       0.004003
      14.599999      -0.177500       0.004017
      14.620000      -0.168567       0.004026
      14.639999      -0.150821       0.004047
      14.660000      -0.116557       0.004077
      14.679999      -0.059576       0.004124
      14.700000      -0.019591       0.004161
      14.719999      -0.001350       0.004176
      14.740000      -0.030096       0.004162
      14.759999      -0.062025       0.004134
      14.780000      -0.075132       0.004134
      14.799999      -0.090690       0.004123
      14.820000      -0.097364       0.004123
      14.839999      -0.086003       0.004133
      14.860000      -0.062816       0.004155
      14.880000      -0.038727       0.004185
      14.900000      -0.029343       0.004197
      14.920000      -0.018520       0.004214
      14.940000      -0.002463       0.004228
      14.960000       0.035608       0.004265
      14.980000       0.083172       0.004304
      15.000000       0.112529       0.004333
      15.020000       0.042353       0.004275
      15.040000      -0.045574       0.004207
      15.059999      -0.106230       0.004149
      15.080000      -0.140402       0.004129
      15.099999      -0.159565       0.004107
      15.120000      -0.182937       0.004092
      15.139999      -0.194137       0.004083
      15.160000      -0.197330       0.004088
      15.179999      -0.199904       0.004100
      15.200000      -0.205685       0.004102
      15.219999      -0.206823       0.004092
      15.240000      -0.205058       0.004090
      15.259999      -0.199507       0.004101
      15.280000      -0.182248       0.004112
      15.299999      -0.161535       0.004142
      15.320000      -0.143354       0.004171
      15.339999      -0.117824       0.004192
      15.360000      -0.099349       0.004214
      15.380000      -0.084865       0.004223
      15.400000      -0.086121       0.004234
      15.420000      -0.092909       0.004232
      15.440000      -0.103121       0.004221
      15.460000      -0.092062       0.004235
      15.480000      -0.077159       0.004249
      15.500000      -0.049918       0.004284
      15.520000      -0.003445       0.004335
      15.540000       0.079520       0.004404
      15.559999       0.167184       0.004491
      15.580000       0.266515       0.004581
      15.599999       0.331121       0.004642
      15.620000       0.341524       0.004662
      15.639999       0.318117       0.004639
      15.660000       0.243645       0.004579
      15.679999       0.161057       0.004505
      15.700000       0.100468       0.004457
      15.719999       0.069396       0.004428
      15.740000       0.042907       0.004417
      15.759999       0.000876       0.004381
      15.780000      -0.034758       0.004360
      15.799999      -0.055085       0.004338
      15.820000      -0.066889       0.004323
      15.839999      -0.076114       0.004320
      15.860000      -0.067551       0.004328
      15.880000      -0.044294       0.004353
      15.900000      -0.013735       0.004393
      15.920000       0.024169       0.004430
      15.940000       0.064813       0.004472
      15.960000       0.101770       0.004508
      15.980000       0.119378       0.004535
      16.000000       0.137649       0.004552
      16.020000       0.130245       0.004555
      16.039999       0.106779       0.004535
      16.059999       0.069317       0.004497
      16.080000       0.032463       0.004468
      16.100000       0.018308       0.004470
      16.119999       0.025785       0.004480
      16.139999       0.062686       0.004505
      16.160000       0.106974       0.004552
      16.180000       0.157012       0.004605
      16.199999       0.210544       0.004654
      16.219999       0.241402       0.004686
      16.240000       0.252563       0.004700
      16.260000       0.237721       0.004694
      16.279999       0.185376       0.004647
      16.299999       0.112304       0.004587
      16.320000       0.068591       0.004543
      16.340000       0.026246       0.004502
      16.359999      -0.011482       0.004469
      16.379999      -0.050073       0.004438
      16.400000      -0.075864       0.004418
      16.420000      -0.100742       0.004404
      16.440001      -0.114617       0.004390
      16.459999      -0.124251       0.004383
      16.480000      -0.135174       0.004387
      16.500000      -0.133036       0.004377
      16.520000      -0.138693       0.004378
      16.539999      -0.134611       0.004388
      16.559999      -0.132738       0.004394
      16.580000      -0.127141       0.004406
      16.600000      -0.124482       0.004410
      16.619999      -0.114874       0.004425
      16.639999      -0.105308       0.004429
      16.660000      -0.098260       0.004448
      16.680000      -0.087199       0.004459
      16.699999      -0.073224       0.004481
      16.719999      -0.050088       0.004517
      16.740000      -0.012895       0.004551
      16.760000       0.017106       0.004583
      16.779999       0.051447       0.004610
      16.799999       0.095396       0.004653
      16.820000       0.142692       0.004699
      16.840000       0.192499       0.004749
      16.859999       0.205324       0.004770
      16.879999       0.175303       0.004755
      16.900000       0.147648       0.004728
      16.920000       0.097636       0.004692
      16.940001       0.055075       0.004642
      16.959999      -0.002832       0.004594
      16.980000      -0.042461       0.004567
      17.000000      -0.065944       0.004549
      17.020000      -0.076441       0.004542
      17.039999      -0.086640       0.004537
      17.059999      -0.080726       0.004547
      17.080000      -0.075413       0.004549
      17.100000      -0.070983       0.004559
      17.119999      -0.069851       0.004570
      17.139999      -0.061434       0.004576
      17.160000      -0.061500       0.004582
      17.180000      -0.050874       0.004595
      17.199999      -0.036729       0.004620
      17.219999      -0.032690       0.004624
      17.240000      -0.042506       0.004623
      17.260000      -0.053232       0.004609
      17.279999      -0.062620       0.004605
      17.299999      -0.068698       0.004600
      17.320000      -0.060566       0.004603
      17.340000      -0.047696       0.004613
      17.359999      -0.038992       0.004642
      17.379999      -0.005278       0.004673
      17.400000       0.007369       0.004685
      17.420000       0.001830       0.004686
      17.440001      -0.008732       0.004692
      17.459999      -0.017621       0.004685
      17.480000      -0.044015       0.004663
      17.500000      -0.065374       0.004652
      17.520000      -0.074052       0.004638
      17.539999      -0.091119       0.004625
      17.559999      -0.100329       0.004618
      17.580000      -0.112666       0.004607
      17.600000      -0.110144       0.004615
      17.619999      -0.119302       0.004614
      17.639999      -0.109069       0.004634
      17.660000      -0.100898       0.004646
      17.680000      -0.096732       0.004659
      17.699999      -0.087238       0.004673
      17.719999      -0.074182       0.004688
      17.740000      -0.058111       0.004702
      17.760000      -0.049045       0.004716
      17.779999      -0.039303       0.004726
      17.799999      -0.034616       0.004742
      17.820000      -0.016306       0.004748
      17.840000      -0.002208       0.004769
      17.859999       0.015734       0.004787
      17.879999       0.050309       0.004824
      17.900000       0.091560       0.004869
      17.920000       0.125546       0.004914
      17.940001       0.165513       0.004962
      17.959999       0.195386       0.004999
      17.980000       0.217099       0.005018
      18.000000       0.195519       0.005009
      18.020000       0.150906       0.004973
      18.039999       0.096973       0.004921
      18.059999       0.043509       0.004877
      18.080000       0.011050       0.004846
      18.100000      -0.011204       0.004824
      18.119999      -0.033853       0.004805
      18.139999      -0.043791       0.004800
      18.160000      -0.053105       0.004793
      18.180000      -0.057340       0.004795
      18.199999      -0.051106       0.004805
      18.219999      -0.035767       0.004818
      18.240000      -0.025343       0.004840
      18.260000      -0.006095       0.004856
      18.279999       0.002702       0.004874
      18.299999       0.006494       0.004884
      18.320000       0.009086       0.004889
      18.340000      -0.005173       0.004873
      18.359999      -0.015736       0.004863
      18.379999      -0.012755       0.004871
      18.400000      -0.005437       0.004881
      18.420000       0.014948       0.004908
      18.440001       0.038414       0.004938
      18.459999       0.059983       0.004967
      18.480000       0.080386       0.004992
      18.500000       0.078701       0.005001
      18.520000       0.086924       0.005002
      18.539999       0.091437       0.005009
      18.559999       0.061132       0.004986
      18.580000       0.030908       0.004965
      18.600000       0.008871       0.004945
      18.619999      -0.015541       0.004924
      18.639999      -0.031211       0.004919
      18.660000      -0.046644       0.004898
      18.680000      -0.052595       0.004900
      18.699999      -0.058173       0.004892
      18.719999      -0.060388       0.004896
      18.740000      -0.059147       0.004901
      18.760000      -0.044914       0.004921
      18.779999      -0.035369       0.004934
      18.799999      -0.034264       0.004932
      18.820000      -0.030380       0.004952
      18.840000      -0.030117       0.004964
      18.859999      -0.036394       0.004962
      18.879999      -0.021526       0.004968
      18.900000      -0.024109       0.004972
      18.920000      -0.030768       0.004978
      18.939999      -0.023742       0.004981
      18.959999      -0.013357       0.004994
      18.980000      -0.002595       0.005011
      19.000000       0.004296       0.005030
      19.020000       0.026149       0.005053
      19.039999       0.028281       0.005064
      19.059999       0.031495       0.005065
      19.080000       0.025309       0.005056
      19.100000       0.014379       0.005043
      19.119999      -0.002138       0.005034
      19.139999      -0.008239       0.005035
      19.160000      -0.020746       0.005034
      19.180000      -0.019021       0.005047
      19.199999      -0.029479       0.005043
      19.219999      -0.031656       0.005030
      19.240000      -0.024414       0.005037
      19.260000      -0.013847       0.005057
      19.279999      -0.010084       0.005054
      19.299999      -0.003908       0.005063
      19.320000       0.004501       0.005082
      19.340000       0.015916       0.005108
      19.359999       0.024047       0.005122
      19.379999       0.024540       0.005127
      19.400000       0.013386       0.005121
      19.420000       0.010619       0.005112
      19.439999       0.011874       0.005112
      19.459999       0.014650       0.005118
      19.480000       0.016462       0.005132
      19.500000       0.033998       0.005152
      19.520000       0.043219       0.005171
      19.539999       0.053194       0.005183
      19.559999       0.054295       0.005194
      19.580000       0.031104       0.005177
      19.600000       0.005454       0.005157
      19.619999      -0.027496       0.005127
      19.639999      -0.045422       0.005111
      19.660000      -0.052699       0.005094
      19.680000      -0.059785       0.005088
      19.699999      -0.055431       0.005094
      19.719999      -0.060570       0.005099
      19.740000      -0.055923       0.005107
      19.760000      -0.051144       0.005106
      19.779999      -0.051975       0.005115
      19.799999      -0.047022       0.005118
      19.820000      -0.042545       0.005137
      19.840000      -0.038100       0.005159
      19.859999      -0.027260       0.005183
      19.879999      -0.018778       0.005193
      19.900000      -0.018132       0.005187
      19.920000      -0.031057       0.005176
      19.939999      -0.029701       0.005172
      19.959999      -0.017625       0.005174
      19.980000      -0.008830       0.005185
      20.000000      -0.004670       0.005210
      20.020000       0.013413       0.005242
      20.039999       0.019287       0.005264
      20.059999       0.019726       0.005276
      20.080000       0.034309       0.005293
      20.100000       0.031322       0.005287
      20.119999       0.021714       0.005273
      20.139999       0.013944       0.005267
      20.160000      -0.004770       0.005262
      20.180000      -0.017303       0.005249
      20.199999      -0.021160       0.005243
      20.219999      -0.025021       0.005243
      20.240000      -0.023182       0.005245
      20.260000      -0.022872       0.005250
      20.279999      -0.017057       0.005270
      20.299999      -0.020132       0.005282
      20.320000      -0.011945       0.005289
      20.340000      -0.011218       0.005284
      20.359999      -0.015692       0.005270
      20.379999      -0.008897       0.005277
      20.400000      -0.005284       0.005290
      20.420000       0.002701       0.005313
      20.439999       0.017478       0.005344
      20.459999       0.024912       0.005369
      20.480000       0.034178       0.005380
      20.500000       0.051622       0.005381
      20.520000       0.054432       0.005388
      20.539999       0.054300       0.005396
      20.559999       0.051755       0.005408
      20.580000       0.043363       0.005407
      20.600000       0.026277       0.005390
      20.619999       0.009862       0.005376
      20.639999      -0.004202       0.005363
      20.660000      -0.014258       0.005356
      20.680000      -0.016111       0.005353
      20.699999      -0.023153       0.005355
      20.719999      -0.030591       0.005357
      20.740000      -0.034293       0.005357
      20.760000      -0.029972       0.005361
      20.779999      -0.028978       0.005358
      20.799999      -0.027181       0.005366
      20.820000      -0.026932       0.005377
      20.840000      -0.025423       0.005392
      20.859999      -0.013047       0.005410
      20.879999      -0.007873       0.005415
      20.900000      -0.004021       0.005428
      20.920000       0.010434       0.005446
      20.939999       0.034256       0.005462
      20.959999       0.045446       0.005483
      20.980000       0.056347       0.005512
      21.000000       0.068841       0.005529
      21.020000       0.074029       0.005537
      21.039999       0.068656       0.005527
      21.059999       0.053495       0.005518
      21.080000       0.034009       0.005505
      21.100000       0.020722       0.005495
      21.119999       0.006389       0.005487
      21.139999       0.000205       0.005495
      21.160000      -0.008412       0.005477
      21.180000      -0.008425       0.005471
      21.199999      -0.013870       0.005471
      21.219999      -0.011284       0.005479
      21.240000      -0.011676       0.005477
      21.260000      -0.012554       0.005479
      21.279999      -0.016888       0.005484
      21.299999      -0.016841       0.005475
      21.320000      -0.015055       0.005474
      21.340000      -0.022282       0.005475
      21.359999      -0.024315       0.005483
      21.379999      -0.028883       0.005498
      21.400000      -0.024986       0.005507
      21.420000      -0.023064       0.005506
      21.439999      -0.025488       0.005501
      21.459999      -0.027699       0.005497
      21.480000      -0.024127       0.005508
      21.500000      -0.030414       0.005507
      21.520000      -0.027106       0.005524
      21.539999      -0.032947       0.005526
      21.559999      -0.033990       0.005523
      21.580000      -0.040966       0.005518
      21.600000      -0.049196       0.005509
      21.619999      -0.051559       0.005502
      21.639999      -0.050889       0.005508
      21.660000      -0.053841       0.005520
      21.680000      -0.059113       0.005531
      21.699999      -0.050406       0.005530
      21.719999      -0.048395       0.005540
      21.740000      -0.042311       0.005548
      21.760000      -0.045876       0.005547
      21.779999      -0.039827       0.005558
      21.799999      -0.020037       0.005579
      21.820000      -0.013447       0.005589
      21.840000      -0.015373       0.005593
      21.859999      -0.007797       0.005597
      21.879999       0.001339       0.005603
      21.900000       0.003032       0.005618
      21.920000       0.008051       0.005633
      21.939999       0.017521       0.005651
      21.959999       0.017427       0.005670
      21.980000       0.005742       0.005669
      22.000000       0.003669       0.005668
      22.020000      -0.004594       0.005656
      22.039999      -0.010370       0.005658
      22.059999      -0.006565       0.005665
      22.080000      -0.002245       0.005666
      22.100000      -0.004084       0.005671
      22.119999      -0.007924       0.005674
      22.139999      -0.001573       0.005686
      22.160000       0.002379       0.005686
      22.180000       0.009075       0.005691
      22.199999       0.001376       0.005699
      22.219999       0.003240       0.005705
      22.240000       0.002433       0.005706
      22.260000      -0.003903       0.005714
      22.279999       0.000399       0.005712
      22.299999       0.006616       0.005717
      22.320000       0.006578       0.005725
      22.340000       0.006484       0.005726
      22.359999       0.013122       0.005747
      22.379999       0.015977       0.005759
      22.400000       0.016088       0.005766
      22.420000       0.014177       0.005765
      22.439999       0.010456       0.005769
      22.459999       0.001337       0.005760
      22.480000       0.001151       0.005761
      22.500000      -0.003621       0.005765
      22.519999      -0.007382       0.005766
      22.539999      -0.005643       0.005766
      22.559999      -0.002294       0.005773
      22.580000       0.004498       0.005779
      22.600000      -0.001605       0.005784
      22.619999      -0.002215       0.005788
      22.639999       0.004424       0.005800
      22.660000       0.003991       0.005800
      22.680000       0.000899       0.005796
      22.699999      -0.004494       0.005802
      22.719999       0.006888       0.005816
      22.740000       0.010813       0.005823
      22.760000       0.017783       0.005840
      22.779999       0.019576       0.005839
      22.799999       0.019133       0.005842
      22.820000       0.021224       0.005838
      22.840000       0.013164       0.005848
      22.859999       0.011360       0.005850
      22.879999       0.005368       0.005861
      22.900000       0.009296       0.005864
      22.920000       0.002503       0.005855
      22.939999      -0.008956       0.005836
      22.959999      -0.009987       0.005832
      22.980000      -0.007357       0.005841
      23.000000       0.009045       0.005865
      23.019999      -0.004724       0.005869
      23.039999       0.003068       0.005873
      23.059999       0.002232       0.005879
      23.080000       0.008598       0.005891
      23.100000      -0.003075       0.005892
      23.119999       0.005767       0.005898
      23.139999       0.000258       0.005896
      23.160000       0.005444       0.005919
      23.180000       0.013201       0.005923
      23.199999       0.002372       0.005909
      23.219999      -0.000498       0.005912
      23.240000       0.002575       0.005903
      23.260000      -0.006338       0.005907
      23.279999      -0.007071       0.005906
      23.299999      -0.002340       0.005917
      23.320000      -0.010158       0.005926
      23.340000      -0.007776       0.005929
      23.359999      -0.007229       0.005948
      23.379999      -0.004412       0.005960
      23.400000       0.002473       0.005970
      23.420000      -0.000475       0.005967
      23.439999      -0.005496       0.005967
      23.459999      -0.004082       0.005954
      23.480000      -0.007437       0.005956
      23.500000      -0.008705       0.005961
      23.519999      -0.001905       0.005980
      23.539999      -0.000001       0.005977
      23.559999      -0.005734       0.005981
      23.580000      -0.004833       0.006002
      23.600000       0.006604       0.006015
      23.619999       0.002545       0.006015
      23.639999       0.003943       0.006013
      23.660000       0.014328       0.006031
      23.680000       0.010297       0.006028
      23.699999      -0.000309       0.006026
      23.719999       0.003415       0.006009
      23.740000      -0.006794       0.005998
      23.760000      -0.009869       0.006002
      23.779999      -0.016780       0.006008
      23.799999      -0.011150       0.006019
      23.820000      -0.011397       0.006028
      23.840000      -0.018866       0.006041
      23.859999      -0.023713       0.006034
      23.879999      -0.020617       0.006036
      23.900000      -0.019189       0.006037
      23.920000      -0.022476       0.006037
      23.939999      -0.025298       0.006042
      23.959999      -0.014794       0.006055
      23.980000      -0.022943       0.006066
      24.000000      -0.015470       0.006067
      24.019999      -0.022511       0.006061
      24.039999      -0.024812       0.006056
      24.059999      -0.014617       0.006074
      24.080000      -0.009258       0.006088
      24.100000      -0.008536       0.006103
      24.119999      -0.021204       0.006099
      24.139999      -0.019514       0.006090
      24.160000      -0.012011       0.006092
      24.180000      -0.017825       0.006091
      24.199999      -0.026184       0.006086
      24.219999      -0.031409       0.006095
      24.240000      -0.021743       0.006115
      24.260000      -0.031471       0.006128
      24.279999      -0.021046       0.006124
      24.299999      -0.026339       0.006126
      24.320000      -0.024941       0.006118
      24.340000      -0.019978       0.006115
      24.359999      -0.016276       0.006123
      24.379999      -0.009894       0.006161
      24.400000      -0.002405       0.006166
      24.420000      -0.011028       0.006172
      24.439999       0.000295       0.006198
      24.459999      -0.006758       0.006196
      24.480000       0.000111       0.006191
      24.500000      -0.008446       0.006191
      24.519999      -0.001758       0.006204
      24.539999       0.008847       0.006220
      24.559999       0.000089       0.006217
      24.580000      -0.008842       0.006214
      24.600000      -0.005895       0.006215
      24.619999      -0.013174       0.006208
      24.639999      -0.002597       0.006203
      24.660000      -0.010259       0.006214
      24.680000      -0.008781       0.006224
      24.699999      -0.017649       0.006220
      24.719999      -0.000513       0.006237
      24.740000      -0.002446       0.006256
      24.760000      -0.006086       0.006268
      24.779999      -0.007518       0.006277
      24.799999       0.007643       0.006299
      24.820000       0.015737       0.006306
      24.840000       0.010009       0.006301
      24.859999       0.008369       0.006310
      24.879999       0.004417       0.006310
      24.900000       0.003480       0.006293
      24.920000       0.003268       0.006284
      24.939999       0.003509       0.006280
      24.959999      -0.001912       0.006304
      24.980000      -0.002828       0.006306
      25.000000       0.003591       0.006324
      25.019999      -0.013393       0.006325
      25.039999      -0.010199       0.006320
      25.059999      -0.007259       0.006309
      25.080000      -0.016350       0.006297
      25.100000      -0.006079       0.006291
      25.119999      -0.002026       0.006324
      25.139999      -0.000846       0.006333
      25.160000      -0.004517       0.006343
      25.180000      -0.001655       0.006348
      25.199999       0.005088       0.006358
      25.219999       0.002608       0.006371
      25.240000      -0.005861       0.006369
      25.260000       0.005055       0.006384
      25.279999       0.011938       0.006396
      25.299999       0.016482       0.006379
      25.320000      -0.001237       0.006382
      25.340000      -0.005368       0.006392
      25.359999       0.000561       0.006393
      25.379999       0.001772       0.006409
      25.400000      -0.007019       0.006404
      25.420000      -0.009293       0.006401
      25.439999      -0.003185       0.006404
      25.459999      -0.010899       0.006392
      25.480000       0.003341       0.006405
      25.500000      -0.000645       0.006392
      25.519999      -0.001163       0.006417
      25.539999      -0.001933       0.006432
      25.559999       0.005685       0.006453
      25.580000       0.005967       0.006449
      25.599998      -0.001182       0.006441
      25.619999      -0.006569       0.006434
      25.639999       0.003380       0.006448
      25.660000      -0.004732       0.006449
      25.680000       0.000208       0.006472
      25.699999      -0.002826       0.006475
      25.719999       0.002765       0.006478
      25.740000      -0.006490       0.006459
      25.760000      -0.007919       0.006460
      25.779999      -0.010270       0.006462
      25.799999      -0.008205       0.006471
      25.820000      -0.010591       0.006484
      25.840000      -0.014225       0.006488
      25.859999      -0.014325       0.006499
      25.879999      -0.006388       0.006508
      25.900000      -0.014260       0.006515
      25.920000       0.005904       0.006535
      25.939999       0.007671       0.006532
      25.959999      -0.000704       0.006528
      25.980000       0.001274       0.006544
      26.000000       0.003740       0.006545
      26.019999       0.001777       0.006545
      26.039999       0.007983       0.006561
      26.059999       0.003090       0.006570
      26.080000       0.001629       0.006572
      26.099998       0.004897       0.006574
      26.119999       0.003468       0.006576
      26.139999       0.001545       0.006570
      26.160000      -0.011732       0.006550
      26.180000      -0.006346       0.006568
      26.199999      -0.005277       0.006583
      26.219999      -0.005386       0.006585
      26.240000      -0.014562       0.006570
      26.260000      -0.014498       0.006571
      26.279999      -0.011016       0.006577
      26.299999      -0.011093       0.006575
      26.320000      -0.007662       0.006591
      26.340000      -0.010461       0.006616
      26.359999      -0.007885       0.006628
      26.379999       0.001768       0.006653
      26.400000      -0.003305       0.006645
      26.420000      -0.008756       0.006631
      26.439999      -0.012685       0.006640
      26.459999      -0.009746       0.006643
      26.480000      -0.003481       0.006663
      26.500000      -0.003266       0.006662
      26.519999      -0.008201       0.006663
      26.539999      -0.019705       0.006638
      26.559999      -0.018386       0.006628
      26.580000      -0.023001       0.006626
      26.599998      -0.016490       0.006641
      26.619999      -0.015781       0.006670
      26.639999      -0.002705       0.006698
      26.660000      -0.001858       0.006711
      26.680000      -0.004159       0.006681
      26.699999      -0.004329       0.006710
      26.719999      -0.003737       0.006704
      26.740000      -0.008388       0.006697
      26.760000      -0.005188       0.006703
      26.779999      -0.011332       0.006717
      26.799999      -0.013078       0.006723
      26.820000       0.001899       0.006731
      26.840000      -0.002459       0.006726
      26.859999       0.005139       0.006742
      26.879999       0.004922       0.006739
      26.900000       0.002370       0.006761
      26.920000       0.000468       0.006755
      26.939999      -0.001461       0.006766
      26.959999      -0.010187       0.006773
      26.980000       0.001876       0.006770
      27.000000      -0.006473       0.006760
      27.019999      -0.005910       0.006770
      27.039999       0.010159       0.006779
      27.059999       0.003939       0.006783
      27.080000       0.002070       0.006789
      27.099998      -0.003178       0.006786
      27.119999      -0.007890       0.006786
      27.139999       0.005226       0.006804
      27.160000       0.000177       0.006821
      27.180000      -0.001435       0.006844
      27.199999       0.005577       0.006855
      27.219999       0.005349       0.006854
      27.240000      -0.006083       0.006834
      27.260000      -0.002312       0.006823
      27.279999      -0.009081       0.006829
      27.299999      -0.002971       0.006835
      27.320000       0.001203       0.006833
      27.340000      -0.010909       0.006834
      27.359999      -0.004500       0.006838
      27.379999      -0.013744       0.006851
      27.400000      -0.000488       0.006859
      27.420000      -0.000545       0.006877
      27.439999      -0.003864       0.006871
      27.459999      -0.010975       0.006862
      27.480000      -0.009621       0.006868
      27.500000      -0.010890       0.006886
      27.519999      -0.005654       0.006890
      27.539999      -0.008109       0.006887
      27.559999      -0.010253       0.006904
      27.580000      -0.015563       0.006917
      27.599998      -0.006956       0.006919
      27.619999      -0.003394       0.006926
      27.639999      -0.007395       0.006934
      27.660000      -0.006547       0.006938
      27.680000      -0.011301       0.006936
      27.699999      -0.007958       0.006932
      27.719999      -0.007517       0.006930
      27.740000      -0.004013       0.006922
      27.760000      -0.003772       0.006930
      27.779999      -0.003443       0.006939
      27.799999      -0.007974       0.006941
      27.820000      -0.007311       0.006953
      27.840000      -0.009717       0.006979
      27.859999      -0.008732       0.006986
      27.879999      -0.003585       0.006979
      27.900000       0.000241       0.006987
      27.920000      -0.017184       0.006987
      27.939999      -0.005022       0.006999
      27.959999      -0.004965       0.006997
      27.980000      -0.004197       0.007000
      28.000000      -0.005671       0.006989
      28.019999      -0.007149       0.006980
      28.039999      -0.015818       0.006987
      28.059999      -0.007694       0.007009
      28.080000      -0.011378       0.007028
      28.099998      -0.000571       0.007048
      28.119999      -0.000998       0.007055
      28.139999      -0.005072       0.007040
      28.160000      -0.006553       0.007051
      28.180000      -0.007704       0.007052
      28.199999      -0.012079       0.007040
      28.219999      -0.008599       0.007059
      28.240000      -0.004386       0.007069
      28.260000      -0.011435       0.007060
      28.279999      -0.004024       0.007046
      28.299999      -0.009578       0.007043
      28.320000      -0.012362       0.007046
      28.340000      -0.008500       0.007076
      28.359999      -0.017884       0.007076
      28.379999      -0.004841       0.007104
      28.400000       0.001775       0.007127
      28.420000      -0.000745       0.007135
      28.439999      -0.002956       0.007128
      28.459999      -0.011587       0.007116
      28.480000      -0.006501       0.007125
      28.500000      -0.000005       0.007137
      28.519999       0.003026       0.007144
      28.539999      -0.002958       0.007146
      28.559999      -0.006716       0.007150
      28.580000      -0.012388       0.007148
      28.599998      -0.008730       0.007150
      28.619999      -0.013512       0.007150
      28.639999      -0.011661       0.007166
      28.660000      -0.006177       0.007182
      28.680000      -0.007263       0.007195
      28.699999       0.000891       0.007202
      28.719999       0.003954       0.007215
      28.740000      -0.005935       0.007224
      28.760000      -0.003140       0.007221
      28.779999      -0.000138       0.007225
      28.799999      -0.001927       0.007232
      28.820000       0.000297       0.007215
      28.840000      -0.006043       0.007210
      28.859999      -0.000587       0.007217
      28.879999       0.004415       0.007238
      28.900000       0.003235       0.007252
      28.920000      -0.001705       0.007267
      28.939999      -0.005760       0.007267
      28.959999       0.002428       0.007272
      28.980000       0.008093       0.007282
      29.000000       0.005555       0.007275
      29.019999      -0.007071       0.007267
      29.039999      -0.004116       0.007280
      29.059999      -0.008636       0.007275
      29.080000       0.001738       0.007278
      29.099998       0.000972       0.007273
      29.119999      -0.008791       0.007265
      29.139999      -0.021498       0.007268
      29.160000      -0.021540       0.007265
      29.179998      -0.001303       0.007288
      29.199999       0.000779       0.007309
      29.219999      -0.005561       0.007299
      29.240000       0.000304       0.007319
      29.260000      -0.003257       0.007317
      29.279999      -0.013175       0.007316
      29.299999       0.001351       0.007347
      29.320000      -0.008344       0.007344
      29.340000      -0.005884       0.007347
      29.359999      -0.008683       0.007341
      29.379999       0.002274       0.007361
      29.400000      -0.007309       0.007350
      29.420000      -0.009363       0.007351
      29.439999       0.000310       0.007346
      29.459999       0.002743       0.007364
      29.480000      -0.006466       0.007383
      29.500000      -0.004011       0.007407
      29.519999       0.001932       0.007418
      29.539999       0.003498       0.007437
      29.559999       0.008882       0.007449
      29.580000      -0.001057       0.007430
      29.599998      -0.000599       0.007429
      29.619999       0.005311       0.007419
      29.639999      -0.000808       0.007417
      29.660000      -0.005873       0.007421
      29.679998      -0.012066       0.007417
      29.699999       0.003849       0.007426
      29.719999       0.006956       0.007435
      29.740000      -0.006047       0.007448
      29.760000      -0.012990       0.007447
      29.779999      -0.012398       0.007434
      29.799999      -0.011511       0.007451
      29.820000      -0.005556       0.007459
      29.840000      -0.008550       0.007474
      29.859999       0.006476       0.007502
      29.879999       0.011014       0.007504
      29.900000      -0.002260       0.007523
      29.920000      -0.004360       0.007521
      29.939999      -0.004853       0.007505
      29.959999       0.006841       0.007506
      29.980000      -0.003802       0.007502
      30.000000      -0.008317       0.007499
      30.019999      -0.004480       0.007514
      30.039999      -0.001596       0.007518
      30.059999      -0.002287       0.007530
      30.080000      -0.001887       0.007532
      30.099998      -0.002223       0.007515
      30.119999      -0.006266       0.007518
      30.139999       0.009094       0.007541
      30.160000      -0.001762       0.007558
      30.179998      -0.006235       0.007555
      30.199999      -0.013527       0.007575
      30.219999       0.004959       0.007572
      30.240000       0.003641       0.007588
      30.260000      -0.004800       0.007573
      30.279999      -0.020410       0.007553
      30.299999      -0.001182       0.007565
      30.320000      -0.000302       0.007581
      30.340000      -0.014423       0.007596
      30.359999      -0.013319       0.007610
      30.379999       0.010390       0.007624
      30.400000      -0.009866       0.007618
      30.420000      -0.012112       0.007610
      30.439999      -0.009907       0.007623
      30.459999      -0.005094       0.007626
      30.480000      -0.005450       0.007658
      30.500000      -0.011775       0.007651
      30.519999      -0.013869       0.007627
      30.539999       0.001129       0.007635
      30.559999      -0.006018       0.007632
      30.580000      -0.004129       0.007642
      30.599998      -0.002373       0.007640
      30.619999      -0.013716       0.007653
      30.639999      -0.010746       0.007660
      30.660000      -0.010893       0.007673
      30.679998      -0.007263       0.007708
      30.699999      -0.012454       0.007703
      30.719999      -0.001480       0.007722
      30.740000      -0.005832       0.007722
      30.760000      -0.007010       0.007738
      30.779999       0.003067       0.007732
      30.799999       0.002810       0.007727
      30.820000      -0.005796       0.007719
      30.840000      -0.011199       0.007715
      30.859999      -0.010961       0.007730
      30.879999      -0.012415       0.007710
      30.900000      -0.001224       0.007731
      30.920000       0.008598       0.007768
      30.939999      -0.011208       0.007758
      30.959999      -0.009035       0.007767
      30.980000      -0.010942       0.007749
      31.000000      -0.007843       0.007760
      31.019999      -0.009615       0.007769
      31.039999      -0.012075       0.007768
      31.059999      -0.013132       0.007761
      31.080000       0.008528       0.007789
      31.099998      -0.008458       0.007801
      31.119999      -0.010880       0.007799
      31.139999      -0.000981       0.007795
      31.160000      -0.011573       0.007782
      31.179998      -0.015684       0.007788
      31.199999      -0.009829       0.007807
      31.219999       0.008373       0.007835
      31.240000       0.003863       0.007842
      31.260000      -0.006626       0.007855
      31.279999      -0.009464       0.007851
      31.299999      -0.010693       0.007854
      31.320000      -0.012881       0.007853
      31.340000      -0.016900       0.007829
      31.359999      -0.013676       0.007853
      31.379999       0.004617       0.007884
      31.400000      -0.005372       0.007886
