#       1571
#     file:    SofQ/NOM_9999_GaPO4_SQ.dat
#     created: Mon Jul 25 14:47:23 2016
#     Comment: neutron, Qmax=31.414, Qdamp=0.017659, Qbroad= 0.0191822
#     
       0.000000       0.053454       0.000000
       0.020000       0.053455       0.000000
       0.040000       0.053455       0.000000
       0.060000       0.053455       0.000000
       0.080000       0.053456       0.000000
       0.100000       0.053456       0.000000
       0.120000       0.053457       0.000000
       0.140000       0.053458       0.000000
       0.160000       0.053459       0.017891
       0.180000       0.053461       0.007389
       0.200000       0.053462       0.006966
       0.220000       0.053464       0.005192
       0.240000       0.053466       0.003996
       0.260000       0.053468       0.003231
       0.280000       0.053470       0.002757
       0.300000       0.053472       0.002449
       0.320000       0.053474       0.002231
       0.340000       0.053477       0.002076
       0.360000       0.053480       0.001979
       0.380000       0.053482       0.001939
       0.400000       0.053485       0.001938
       0.420000       0.053489       0.001960
       0.440000       0.053492       0.002003
       0.460000       0.053495       0.002052
       0.480000       0.053499       0.002089
       0.500000       0.053503       0.002101
       0.520000       0.059149       0.002084
       0.540000       0.062552       0.002048
       0.560000       0.058030       0.002005
       0.580000       0.057618       0.001962
       0.600000       0.058763       0.001919
       0.620000       0.055504       0.001879
       0.640000       0.048973       0.001835
       0.660000       0.047201       0.001798
       0.680000       0.042762       0.001768
       0.700000       0.043695       0.001749
       0.720000       0.045389       0.001744
       0.740000       0.048871       0.001751
       0.760000       0.052192       0.001773
       0.780000       0.058517       0.001804
       0.800000       0.058069       0.001837
       0.820000       0.067924       0.001879
       0.840000       0.118518       0.001943
       0.860000       0.196475       0.002024
       0.880000       0.221491       0.002078
       0.900000       0.145756       0.002074
       0.920000       0.048191       0.002057
       0.940000      -0.008954       0.002065
       0.960000      -0.021759       0.002097
       0.980000      -0.022119       0.002137
       1.000000      -0.014999       0.002172
       1.020000       0.000969       0.002193
       1.040000       0.031481       0.002197
       1.060000       0.074761       0.002191
       1.080000       0.131960       0.002171
       1.100000       0.161521       0.002125
       1.120000       0.148098       0.002055
       1.140000       0.111711       0.001979
       1.160000       0.069903       0.001905
       1.180000       0.047522       0.001843
       1.200000       0.042629       0.001794
       1.220000       0.029539       0.001744
       1.240000       0.018888       0.001699
       1.260000       0.019799       0.001664
       1.280000       0.019870       0.001633
       1.300000       0.022567       0.001606
       1.320000       0.031128       0.001582
       1.340000       0.052264       0.001565
       1.360000       0.096652       0.001560
       1.380000       0.157065       0.001563
       1.400000       0.187865       0.001556
       1.420000       0.264723       0.001569
       1.440000       0.583199       0.001677
       1.460000       1.163730       0.001866
       1.480000       1.323756       0.001906
       1.500000       0.826327       0.001731
       1.520000       0.338492       0.001548
       1.540000       0.130730       0.001466
       1.560000       0.067792       0.001445
       1.580000       0.056320       0.001451
       1.600000       0.052609       0.001461
       1.620000       0.043162       0.001469
       1.640000       0.036165       0.001479
       1.660000       0.035233       0.001492
       1.680000       0.043182       0.001509
       1.700000       0.053209       0.001520
       1.720000       0.072184       0.001534
       1.740000       0.116012       0.001557
       1.760000       0.214306       0.001603
       1.780000       0.436616       0.001701
       1.800000       0.999763       0.001924
       1.820000       2.217605       0.002336
       1.840000       4.093398       0.002860
       1.860000       5.512615       0.003207
       1.880000       4.574333       0.002998
       1.900000       2.299542       0.002391
       1.920000       0.913248       0.001927
       1.940000       0.379165       0.001716
       1.960000       0.158028       0.001622
       1.980000       0.056810       0.001577
       2.000000       0.021092       0.001561
       2.020000       0.020141       0.001559
       2.040000       0.032130       0.001560
       2.060000       0.031718       0.001552
       2.080000       0.005908       0.001532
       2.100000      -0.016396       0.001509
       2.120000      -0.021455       0.001490
       2.140000      -0.011667       0.001476
       2.160000       0.001156       0.001464
       2.180000       0.001447       0.001445
       2.200000       0.004641       0.001427
       2.220000       0.007833       0.001411
       2.240000       0.010308       0.001398
       2.260000       0.012106       0.001384
       2.280000      -0.010247       0.001358
       2.300000      -0.018109       0.001337
       2.320000      -0.013985       0.001322
       2.340000      -0.017032       0.001304
       2.360000      -0.013079       0.001290
       2.380000       0.004408       0.001283
       2.400000       0.011627       0.001271
       2.420000       0.026962       0.001265
       2.440000       0.046752       0.001261
       2.460000       0.073525       0.001257
       2.480000       0.150038       0.001274
       2.500000       0.307831       0.001316
       2.520000       0.649188       0.001416
       2.540000       1.228611       0.001573
       2.560000       1.729134       0.001693
       2.580000       1.294949       0.001568
       2.600000       0.543942       0.001340
       2.620000       0.303407       0.001254
       2.640000       0.330739       0.001254
       2.660000       0.548988       0.001313
       2.680000       1.053466       0.001448
       2.700000       1.843589       0.001638
       2.720000       2.061664       0.001680
       2.740000       1.146417       0.001447
       2.760000       0.618460       0.001295
       2.780000       0.679895       0.001304
       2.800000       0.922722       0.001365
       2.820000       0.711492       0.001300
       2.840000       0.297175       0.001172
       2.860000       0.130592       0.001116
       2.880000       0.105952       0.001105
       2.900000       0.147466       0.001118
       2.920000       0.238194       0.001149
       2.940000       0.432157       0.001208
       2.960000       0.599601       0.001249
       2.980000       0.460470       0.001203
       3.000000       0.269196       0.001143
       3.020000       0.166148       0.001108
       3.040000       0.115376       0.001091
       3.060000       0.113339       0.001091
       3.080000       0.132990       0.001097
       3.100000       0.165782       0.001109
       3.120000       0.222301       0.001131
       3.140000       0.355765       0.001176
       3.160000       0.586315       0.001247
       3.180000       0.637130       0.001267
       3.200000       0.427994       0.001212
       3.220000       0.220549       0.001153
       3.240000       0.093454       0.001117
       3.260000       0.047667       0.001099
       3.280000       0.040494       0.001095
       3.300000       0.042663       0.001093
       3.320000       0.051747       0.001091
       3.340000       0.077905       0.001096
       3.360000       0.157491       0.001118
       3.380000       0.355589       0.001175
       3.400000       0.748007       0.001283
       3.420000       1.158514       0.001384
       3.440000       0.927625       0.001319
       3.460000       0.401717       0.001170
       3.480000       0.128451       0.001082
       3.500000       0.038147       0.001049
       3.520000       0.015341       0.001039
       3.540000       0.011378       0.001033
       3.560000       0.021180       0.001032
       3.580000       0.033240       0.001031
       3.600000       0.030575       0.001025
       3.620000       0.036441       0.001022
       3.640000       0.092559       0.001035
       3.660000       0.227002       0.001071
       3.680000       0.500041       0.001143
       3.700000       1.087610       0.001286
       3.720000       2.089713       0.001500
       3.740000       2.023352       0.001479
       3.760000       0.850671       0.001212
       3.780000       0.344926       0.001074
       3.800000       0.271435       0.001049
       3.820000       0.433715       0.001089
       3.840000       0.369566       0.001066
       3.860000       0.145730       0.000999
       3.880000       0.087171       0.000977
       3.900000       0.146889       0.000990
       3.920000       0.289546       0.001025
       3.940000       0.388596       0.001047
       3.960000       0.517751       0.001075
       3.980000       0.284927       0.001011
       4.000000       0.198279       0.000984
       4.020000       0.291405       0.001006
       4.040000       0.608254       0.001085
       4.060000       1.545038       0.001294
       4.080000       2.803674       0.001533
       4.100000       1.376955       0.001260
       4.120000       0.473983       0.001049
       4.140000       0.179993       0.000970
       4.160000       0.106913       0.000944
       4.180000       0.093933       0.000931
       4.200000       0.100052       0.000921
       4.220000       0.204274       0.000930
       4.240000       0.599562       0.001002
       4.260000       1.131022       0.001085
       4.280000       0.788557       0.000987
       4.300000       0.139368       0.000824
       4.320000       0.040562       0.000789
       4.340000      -0.013957       0.000768
       4.360000      -0.024945       0.000762
       4.380000      -0.011787       0.000767
       4.400000       0.019561       0.000776
       4.420000       0.069582       0.000789
       4.440000       0.174851       0.000814
       4.460000       0.355464       0.000853
       4.480000       0.689236       0.000924
       4.500000       1.576664       0.001090
       4.520000       4.159446       0.001471
       4.540000       2.433501       0.001234
       4.560000       1.392108       0.001065
       4.580000       3.313065       0.001366
       4.600000       1.322297       0.001055
       4.620000       0.294599       0.000851
       4.640000       0.090140       0.000807
       4.660000       0.030797       0.000794
       4.680000       0.019048       0.000794
       4.700000       0.049985       0.000803
       4.720000       0.159896       0.000831
       4.740000       0.385607       0.000883
       4.760000       0.776983       0.000968
       4.780000       2.287441       0.001241
       4.800000       0.869638       0.000992
       4.820000       0.147252       0.000837
       4.840000       0.052506       0.000816
       4.860000      -0.002076       0.000804
       4.880000      -0.016643       0.000803
       4.900000      -0.021350       0.000804
       4.920000      -0.000220       0.000812
       4.940000       0.070199       0.000832
       4.960000       0.274680       0.000884
       4.980000       1.037951       0.001052
       5.000000       0.914562       0.001031
       5.020000       0.196984       0.000875
       5.040000       0.039899       0.000840
       5.060000       0.021415       0.000842
       5.080000       0.020471       0.000851
       5.100000       0.083660       0.000866
       5.120000       0.283538       0.000914
       5.140000       0.407107       0.000945
       5.160000       0.670821       0.001009
       5.180000       1.610578       0.001205
       5.200000       2.586762       0.001380
       5.220000       1.361560       0.001164
       5.240000       0.888832       0.001070
       5.260000       0.815269       0.001058
       5.280000       0.373107       0.000958
       5.300000       0.354657       0.000957
       5.320000       0.892152       0.001085
       5.340000       1.640513       0.001241
       5.360000       0.375782       0.000971
       5.380000       0.111302       0.000906
       5.400000       0.072323       0.000898
       5.420000       0.129866       0.000916
       5.440000       0.227474       0.000945
       5.460000       0.388896       0.000990
       5.480000       0.033482       0.000900
       5.500000      -0.053638       0.000878
       5.520000      -0.073672       0.000874
       5.540000      -0.066717       0.000879
       5.560000      -0.030539       0.000892
       5.580000       0.061866       0.000920
       5.600000       0.248684       0.000975
       5.620000       0.026163       0.000917
       5.640000      -0.067879       0.000894
       5.660000      -0.066445       0.000897
       5.680000      -0.027802       0.000912
       5.700000      -0.005470       0.000922
       5.720000       0.099408       0.000955
       5.740000       0.086304       0.000955
       5.760000       0.166832       0.000981
       5.780000       0.584854       0.001096
       5.800000       1.773624       0.001368
       5.820000       0.594634       0.001106
       5.840000       0.158993       0.000994
       5.860000       0.273353       0.001030
       5.880000       0.480179       0.001090
       5.900000       0.146780       0.001001
       5.920000       0.099812       0.000990
       5.940000       0.058306       0.000981
       5.960000       0.122636       0.001004
       5.980000       0.142593       0.001013
       6.000000       0.468943       0.001108
       6.020000       0.636279       0.001156
       6.040000       0.587141       0.001148
       6.060000       0.137695       0.001026
       6.080000      -0.021846       0.000981
       6.100000      -0.034931       0.000981
       6.120000      -0.004190       0.000994
       6.140000       0.143324       0.001043
       6.160000       0.507685       0.001152
       6.180000       0.133542       0.001046
       6.200000       0.087479       0.001035
       6.220000       0.356823       0.001120
       6.240000       0.883103       0.001266
       6.260000       0.184600       0.001074
       6.280000       0.036477       0.001031
       6.300000       0.080990       0.001048
       6.320000       0.399654       0.001148
       6.340000       0.849030       0.001275
       6.360000       0.229524       0.001104
       6.380000       0.112997       0.001071
       6.400000       0.295580       0.001130
       6.420000       0.574986       0.001215
       6.440000       0.872418       0.001300
       6.460000       0.768661       0.001275
       6.480000       0.466864       0.001194
       6.500000       0.279658       0.001142
       6.520000       0.089130       0.001085
       6.540000       0.315356       0.001161
       6.560000       0.381910       0.001187
       6.580000      -0.022957       0.001059
       6.600000      -0.095006       0.001035
       6.620000      -0.090119       0.001039
       6.640000      -0.027410       0.001064
       6.660000       0.159172       0.001131
       6.680000       0.125873       0.001124
       6.700000      -0.071169       0.001061
       6.720000      -0.090525       0.001057
       6.740000      -0.058886       0.001072
       6.760000       0.032716       0.001108
       6.780000       0.156311       0.001154
       6.800000       0.239965       0.001186
       6.820000       0.534683       0.001283
       6.840000       1.012272       0.001426
       6.860000       0.935140       0.001409
       6.880000       0.606493       0.001317
       6.900000       0.371205       0.001247
       6.920000       0.232854       0.001205
       6.940000      -0.004411       0.001126
       6.960000      -0.061127       0.001109
       6.980000      -0.005334       0.001132
       7.000000       0.080031       0.001166
       7.020000       0.020874       0.001147
       7.040000      -0.082703       0.001113
       7.060000      -0.107025       0.001106
       7.080000      -0.145037       0.001095
       7.100000      -0.145693       0.001097
       7.120000      -0.117101       0.001111
       7.140000      -0.010942       0.001154
       7.160000       0.060767       0.001183
       7.180000      -0.101545       0.001127
       7.200000      -0.107064       0.001128
       7.220000      -0.065450       0.001144
       7.240000      -0.047055       0.001154
       7.260000      -0.037680       0.001160
       7.280000       0.121224       0.001222
       7.300000       0.191174       0.001250
       7.320000      -0.051692       0.001163
       7.340000      -0.083436       0.001154
       7.360000      -0.040217       0.001173
       7.380000       0.048335       0.001209
       7.400000       0.047128       0.001212
       7.420000       0.114654       0.001240
       7.440000       0.344146       0.001325
       7.460000       0.143768       0.001256
       7.480000       0.087558       0.001239
       7.500000       0.006735       0.001212
       7.520000      -0.028033       0.001201
       7.540000       0.035126       0.001230
       7.560000       0.060376       0.001242
       7.580000       0.318807       0.001340
       7.600000       0.409469       0.001375
       7.620000       0.077396       0.001256
       7.640000       0.095396       0.001265
       7.660000       0.259636       0.001330
       7.680000       0.317392       0.001354
       7.700000       0.369734       0.001376
       7.720000       0.211603       0.001322
       7.740000       0.376961       0.001385
       7.760000       0.238406       0.001341
       7.780000       0.243214       0.001344
       7.800000       0.479868       0.001428
       7.820000       0.532599       0.001448
       7.840000       0.659685       0.001496
       7.860000       0.864150       0.001566
       7.880000       0.997841       0.001613
       7.900000       1.056507       0.001635
       7.920000       0.626246       0.001499
       7.940000       0.223970       0.001359
       7.960000       0.100057       0.001314
       7.980000       0.019903       0.001286
       8.000000      -0.004898       0.001278
       8.020000       0.026715       0.001293
       8.040000      -0.042834       0.001267
       8.059999      -0.057892       0.001264
       8.080000      -0.029504       0.001279
       8.099999       0.010474       0.001297
       8.120000       0.048972       0.001315
       8.139999       0.253884       0.001399
       8.160000       0.628961       0.001539
       8.179999       0.389795       0.001454
       8.200000       0.173097       0.001375
       8.220000       0.269211       0.001414
       8.240000       0.213414       0.001395
       8.260000       0.095574       0.001350
       8.280000       0.033881       0.001326
       8.300000       0.101707       0.001355
       8.320000       0.311978       0.001439
       8.340000       0.270943       0.001426
       8.360000       0.330861       0.001453
       8.380000       0.228729       0.001417
       8.400000       0.198791       0.001407
       8.420000       0.245633       0.001428
       8.440000       0.046940       0.001349
       8.460000       0.020457       0.001340
       8.480000       0.115736       0.001382
       8.500000       0.258146       0.001443
       8.520000       0.220624       0.001431
       8.540000       0.376670       0.001497
       8.559999       0.233547       0.001443
       8.580000       0.131178       0.001403
       8.599999       0.281316       0.001466
       8.620000       0.173666       0.001424
       8.639999       0.069428       0.001383
       8.660000       0.121556       0.001407
       8.679999       0.029181       0.001371
       8.700000      -0.036424       0.001344
       8.720000      -0.049095       0.001339
       8.740000      -0.086290       0.001326
       8.760000      -0.084046       0.001329
       8.780000      -0.043182       0.001349
       8.800000      -0.029922       0.001359
       8.820000      -0.003868       0.001372
       8.840000       0.146487       0.001437
       8.860000       0.328495       0.001513
       8.880000       0.334614       0.001518
       8.900000       0.330902       0.001520
       8.920000       0.409253       0.001554
       8.940000       0.323111       0.001523
       8.960000       0.205190       0.001476
       8.980000       0.139206       0.001450
       9.000000       0.145887       0.001455
       9.020000       0.177343       0.001472
       9.040000       0.273926       0.001516
       9.059999       0.302908       0.001531
       9.080000       0.276477       0.001523
       9.099999       0.110952       0.001454
       9.120000       0.109040       0.001455
       9.139999       0.032159       0.001423
       9.160000       0.073773       0.001444
       9.179999       0.051287       0.001437
       9.200000       0.036899       0.001432
       9.220000       0.131979       0.001475
       9.240000       0.107525       0.001465
       9.260000       0.095202       0.001460
       9.280000       0.139377       0.001481
       9.300000       0.149666       0.001487
       9.320000       0.166696       0.001497
       9.340000       0.128390       0.001485
       9.360000       0.024903       0.001442
       9.380000       0.040725       0.001453
       9.400000       0.044913       0.001457
       9.420000       0.004361       0.001440
       9.440000       0.036891       0.001456
       9.460000       0.045479       0.001462
       9.480000       0.043514       0.001463
       9.500000       0.093941       0.001489
       9.520000       0.223499       0.001549
       9.540000       0.080652       0.001487
       9.559999       0.058780       0.001478
       9.580000       0.158304       0.001524
       9.599999       0.161297       0.001529
       9.620000       0.228851       0.001561
       9.639999       0.130796       0.001519
       9.660000       0.073753       0.001496
       9.679999       0.139676       0.001528
       9.700000       0.050645       0.001487
       9.719999      -0.022913       0.001454
       9.740000      -0.050095       0.001442
       9.760000       0.000325       0.001467
       9.780000       0.033168       0.001484
       9.800000      -0.046766       0.001450
       9.820000      -0.055779       0.001449
       9.840000      -0.030543       0.001463
       9.860000       0.000135       0.001480
       9.880000      -0.031521       0.001468
       9.900000       0.024235       0.001497
       9.920000       0.007981       0.001492
       9.940000      -0.034851       0.001473
       9.960000       0.016028       0.001499
       9.980000       0.050824       0.001518
      10.000000       0.042282       0.001516
      10.020000       0.043622       0.001519
      10.040000       0.021897       0.001511
      10.059999       0.077823       0.001539
      10.080000       0.110428       0.001558
      10.099999       0.095199       0.001552
      10.120000       0.053565       0.001532
      10.139999      -0.032261       0.001490
      10.160000      -0.085134       0.001464
      10.179999      -0.088058       0.001463
      10.200000      -0.075702       0.001472
      10.219999      -0.028382       0.001500
      10.240000       0.068835       0.001550
      10.260000       0.107252       0.001572
      10.280000       0.142951       0.001592
      10.300000       0.139711       0.001593
      10.320000       0.056624       0.001555
      10.340000       0.072217       0.001564
      10.360000       0.115356       0.001587
      10.380000       0.088974       0.001575
      10.400000       0.043733       0.001557
      10.420000       0.043165       0.001559
      10.440000       0.086938       0.001583
      10.460000       0.095581       0.001589
      10.480000       0.078494       0.001584
      10.500000       0.102384       0.001596
      10.520000       0.049501       0.001572
      10.540000       0.037712       0.001565
      10.559999       0.060074       0.001576
      10.580000       0.041789       0.001569
      10.599999       0.057852       0.001577
      10.620000       0.119382       0.001608
      10.639999       0.234652       0.001666
      10.660000       0.266156       0.001685
      10.679999       0.248300       0.001681
      10.700000       0.331435       0.001723
      10.719999       0.242144       0.001684
      10.740000       0.192818       0.001662
      10.760000       0.112004       0.001625
      10.780000       0.064473       0.001604
      10.800000       0.059277       0.001603
      10.820000       0.080211       0.001615
      10.840000       0.131734       0.001643
      10.860000       0.227562       0.001692
      10.880000       0.245777       0.001703
      10.900000       0.326316       0.001743
      10.920000       0.306568       0.001736
      10.940000       0.146664       0.001662
      10.960000       0.106946       0.001644
      10.980000       0.062156       0.001622
      11.000000       0.005835       0.001596
      11.020000       0.002654       0.001597
      11.040000       0.040878       0.001618
      11.059999       0.048118       0.001625
      11.080000       0.040695       0.001623
      11.099999       0.041864       0.001626
      11.120000       0.050675       0.001633
      11.139999       0.126694       0.001672
      11.160000       0.228911       0.001724
      11.179999       0.175735       0.001700
      11.200000       0.109105       0.001668
      11.219999       0.056368       0.001643
      11.240000       0.031141       0.001632
      11.259999      -0.004330       0.001616
      11.280000      -0.013244       0.001613
      11.300000       0.018640       0.001630
      11.320000       0.018886       0.001631
      11.340000      -0.007970       0.001617
      11.360000      -0.038213       0.001600
      11.380000      -0.061924       0.001587
      11.400000      -0.064059       0.001588
      11.420000      -0.055173       0.001596
      11.440000      -0.012462       0.001625
      11.460000       0.048128       0.001660
      11.480000       0.046197       0.001664
      11.500000       0.016302       0.001649
      11.520000       0.005588       0.001643
      11.540000       0.049816       0.001667
      11.559999       0.078152       0.001684
      11.580000       0.075390       0.001686
      11.599999       0.072658       0.001688
      11.620000       0.063617       0.001686
      11.639999       0.040029       0.001674
      11.660000       0.040063       0.001677
      11.679999       0.048466       0.001681
      11.700000       0.019622       0.001668
      11.719999       0.004560       0.001662
      11.740000      -0.007082       0.001659
      11.759999      -0.017799       0.001655
      11.780000      -0.001083       0.001664
      11.800000       0.018675       0.001677
      11.820000       0.025460       0.001681
      11.840000       0.008623       0.001673
      11.860000       0.006789       0.001675
      11.880000      -0.007348       0.001668
      11.900000      -0.024376       0.001661
      11.920000      -0.029567       0.001658
      11.940000      -0.021722       0.001663
      11.960000       0.003670       0.001680
      11.980000       0.004371       0.001682
      12.000000       0.017143       0.001692
      12.020000       0.033036       0.001704
      12.040000       0.031531       0.001706
      12.059999       0.026689       0.001703
      12.080000       0.017974       0.001697
      12.099999       0.007287       0.001691
      12.120000      -0.031397       0.001671
      12.139999      -0.050636       0.001661
      12.160000      -0.037510       0.001671
      12.179999      -0.008055       0.001691
      12.200000       0.020580       0.001711
      12.219999       0.016278       0.001711
      12.240000      -0.015031       0.001697
      12.259999      -0.033035       0.001687
      12.280000      -0.027861       0.001691
      12.300000      -0.034051       0.001688
      12.320000      -0.039481       0.001688
      12.340000      -0.049349       0.001684
      12.360000      -0.052238       0.001684
      12.380000      -0.027770       0.001700
      12.400000       0.025653       0.001729
      12.420000       0.029136       0.001733
      12.440000      -0.019199       0.001707
      12.460000      -0.057267       0.001688
      12.480000      -0.070032       0.001682
      12.500000      -0.066508       0.001685
      12.520000      -0.049991       0.001697
      12.540000      -0.014208       0.001719
      12.559999       0.036752       0.001748
      12.580000       0.047098       0.001756
      12.599999       0.019319       0.001742
      12.620000      -0.008168       0.001729
      12.639999       0.001402       0.001735
      12.660000       0.016857       0.001746
      12.679999       0.033684       0.001757
      12.700000       0.042317       0.001764
      12.719999       0.036131       0.001761
      12.740000       0.024478       0.001755
      12.759999       0.023836       0.001755
      12.780000       0.030073       0.001760
      12.799999       0.069625       0.001782
      12.820000       0.066047       0.001782
      12.840000       0.028147       0.001761
      12.860000       0.014695       0.001756
      12.880000       0.020308       0.001764
      12.900000       0.024240       0.001769
      12.920000       0.024483       0.001771
      12.940000       0.028249       0.001775
      12.960000       0.043537       0.001785
      12.980000       0.043848       0.001787
      13.000000       0.026642       0.001779
      13.020000       0.018715       0.001777
      13.040000       0.051525       0.001797
      13.059999       0.094174       0.001822
      13.080000       0.121805       0.001839
      13.099999       0.134801       0.001845
      13.120000       0.125131       0.001840
      13.139999       0.119522       0.001839
      13.160000       0.088771       0.001824
      13.179999       0.045827       0.001803
      13.200000       0.035452       0.001799
      13.219999       0.040456       0.001803
      13.240000       0.058458       0.001815
      13.259999       0.081275       0.001830
      13.280000       0.078893       0.001831
      13.299999       0.077152       0.001832
      13.320000       0.091199       0.001841
      13.340000       0.085565       0.001839
      13.360000       0.056630       0.001823
      13.380000       0.029884       0.001809
      13.400000       0.019485       0.001803
      13.420000       0.015913       0.001803
      13.440000       0.003535       0.001796
      13.460000      -0.016042       0.001786
      13.480000      -0.025178       0.001782
      13.500000      -0.017674       0.001787
      13.520000      -0.010469       0.001794
      13.540000      -0.000969       0.001801
      13.559999       0.031111       0.001824
      13.580000       0.067587       0.001847
      13.599999       0.076018       0.001854
      13.620000       0.053937       0.001842
      13.639999       0.034278       0.001831
      13.660000       0.031292       0.001829
      13.679999       0.036069       0.001834
      13.700000       0.033701       0.001837
      13.719999       0.034185       0.001839
      13.740000       0.031057       0.001838
      13.759999       0.019161       0.001831
      13.780000       0.008382       0.001823
      13.799999       0.016232       0.001828
      13.820000       0.008883       0.001827
      13.840000      -0.004933       0.001822
      13.860000       0.002795       0.001827
      13.880000       0.001564       0.001830
      13.900000      -0.000618       0.001831
      13.920000      -0.015234       0.001823
      13.940000      -0.033350       0.001814
      13.960000      -0.032829       0.001815
      13.980000      -0.027659       0.001820
      14.000000      -0.021069       0.001826
      14.020000       0.001501       0.001841
      14.040000       0.014994       0.001851
      14.059999       0.010570       0.001849
      14.080000       0.009620       0.001849
      14.099999       0.011336       0.001852
      14.120000       0.018019       0.001857
      14.139999       0.017567       0.001860
      14.160000       0.025128       0.001866
      14.179999       0.029498       0.001870
      14.200000       0.028212       0.001870
      14.219999       0.022874       0.001868
      14.240000       0.012395       0.001863
      14.259999       0.008443       0.001864
      14.280000       0.017732       0.001873
      14.299999       0.028524       0.001881
      14.320000       0.023687       0.001878
      14.340000       0.004579       0.001866
      14.360000      -0.009827       0.001857
      14.380000      -0.015351       0.001855
      14.400000      -0.006667       0.001863
      14.420000      -0.001492       0.001868
      14.440000      -0.002789       0.001870
      14.460000      -0.005558       0.001871
      14.480000       0.009072       0.001880
      14.500000       0.024571       0.001890
      14.520000       0.030991       0.001894
      14.540000       0.030188       0.001895
      14.559999       0.038856       0.001901
      14.580000       0.038655       0.001904
      14.599999       0.021381       0.001896
      14.620000       0.009039       0.001889
      14.639999       0.016158       0.001895
      14.660000       0.021022       0.001897
      14.679999       0.011782       0.001891
      14.700000       0.010647       0.001891
      14.719999       0.010045       0.001892
      14.740000       0.002052       0.001891
      14.759999       0.003328       0.001894
      14.780000       0.004498       0.001898
      14.799999       0.011573       0.001904
      14.820000       0.025511       0.001915
      14.839999       0.030254       0.001918
      14.860000       0.022126       0.001914
      14.880000       0.004744       0.001906
      14.900000      -0.009464       0.001899
      14.920000      -0.010072       0.001901
      14.940000       0.000304       0.001908
      14.960000       0.005623       0.001913
      14.980000      -0.002988       0.001908
      15.000000      -0.019194       0.001899
      15.020000      -0.028728       0.001895
      15.040000      -0.037320       0.001892
      15.059999      -0.036671       0.001892
      15.080000      -0.033301       0.001897
      15.099999      -0.029515       0.001899
      15.120000      -0.032421       0.001900
      15.139999      -0.026226       0.001905
      15.160000      -0.021275       0.001912
      15.179999      -0.021259       0.001916
      15.200000      -0.025403       0.001916
      15.219999      -0.027868       0.001912
      15.240000      -0.024679       0.001914
      15.259999      -0.031984       0.001910
      15.280000      -0.034366       0.001908
      15.299999      -0.034386       0.001912
      15.320000      -0.040061       0.001912
      15.339999      -0.033421       0.001917
      15.360000      -0.027461       0.001924
      15.380000      -0.017688       0.001930
      15.400000      -0.007895       0.001939
      15.420000      -0.008430       0.001941
      15.440000      -0.010367       0.001940
      15.460000      -0.011507       0.001941
      15.480000      -0.022992       0.001934
      15.500000      -0.030978       0.001932
      15.520000      -0.029466       0.001935
      15.540000      -0.019011       0.001942
      15.559999      -0.007928       0.001952
      15.580000      -0.000771       0.001959
      15.599999       0.001141       0.001963
      15.620000      -0.000700       0.001965
      15.639999       0.002394       0.001967
      15.660000       0.003730       0.001969
      15.679999       0.004877       0.001970
      15.700000       0.000664       0.001969
      15.719999      -0.003605       0.001967
      15.740000      -0.008082       0.001968
      15.759999      -0.014975       0.001965
      15.780000      -0.024357       0.001962
      15.799999      -0.021462       0.001964
      15.820000      -0.013970       0.001968
      15.839999      -0.010540       0.001972
      15.860000      -0.011631       0.001973
      15.880000      -0.027622       0.001964
      15.900000      -0.041726       0.001958
      15.920000      -0.042802       0.001959
      15.940000      -0.038793       0.001964
      15.960000      -0.043723       0.001962
      15.980000      -0.052111       0.001960
      16.000000      -0.051570       0.001961
      16.020000      -0.058125       0.001960
      16.039999      -0.056441       0.001962
      16.059999      -0.059975       0.001959
      16.080000      -0.068172       0.001955
      16.100000      -0.072237       0.001957
      16.119999      -0.071970       0.001959
      16.139999      -0.067087       0.001960
      16.160000      -0.065878       0.001963
      16.180000      -0.063344       0.001967
      16.199999      -0.056693       0.001973
      16.219999      -0.053541       0.001977
      16.240000      -0.046961       0.001983
      16.260000      -0.045195       0.001986
      16.279999      -0.045072       0.001987
      16.299999      -0.052564       0.001984
      16.320000      -0.049472       0.001985
      16.340000      -0.042794       0.001990
      16.359999      -0.043211       0.001990
      16.379999      -0.047044       0.001990
      16.400000      -0.044816       0.001993
      16.420000      -0.040857       0.002000
      16.440001      -0.039219       0.002002
      16.459999      -0.036544       0.002005
      16.480000      -0.034763       0.002010
      16.500000      -0.035378       0.002007
      16.520000      -0.040537       0.002006
      16.539999      -0.048417       0.002003
      16.559999      -0.053664       0.002001
      16.580000      -0.051462       0.002005
      16.600000      -0.043755       0.002011
      16.619999      -0.033001       0.002020
      16.639999      -0.028391       0.002023
      16.660000      -0.028991       0.002027
      16.680000      -0.030213       0.002027
      16.699999      -0.027301       0.002032
      16.719999      -0.021545       0.002041
      16.740000      -0.014742       0.002046
      16.760000      -0.013048       0.002048
      16.779999      -0.011024       0.002048
      16.799999      -0.008789       0.002050
      16.820000      -0.006722       0.002052
      16.840000      -0.015010       0.002048
      16.859999      -0.025088       0.002045
      16.879999      -0.029013       0.002046
      16.900000      -0.022281       0.002051
      16.920000      -0.028361       0.002050
      16.940001      -0.024085       0.002051
      16.959999      -0.022065       0.002055
      16.980000      -0.016939       0.002062
      17.000000      -0.006465       0.002072
      17.020000      -0.001713       0.002077
      17.039999      -0.003374       0.002078
      17.059999      -0.008526       0.002076
      17.080000      -0.005230       0.002078
      17.100000      -0.000493       0.002084
      17.119999      -0.000556       0.002086
      17.139999      -0.003280       0.002085
      17.160000      -0.003451       0.002087
      17.180000      -0.003501       0.002089
      17.199999      -0.006293       0.002090
      17.219999      -0.005656       0.002091
      17.240000      -0.007313       0.002093
      17.260000      -0.007339       0.002093
      17.279999      -0.001868       0.002099
      17.299999       0.001665       0.002102
      17.320000       0.005359       0.002104
      17.340000      -0.005230       0.002096
      17.359999      -0.005976       0.002101
      17.379999      -0.005120       0.002102
      17.400000       0.003075       0.002108
      17.420000       0.009991       0.002116
      17.440001       0.007237       0.002119
      17.459999      -0.003769       0.002113
      17.480000      -0.009214       0.002111
      17.500000      -0.011562       0.002113
      17.520000      -0.010970       0.002112
      17.539999      -0.010552       0.002114
      17.559999      -0.012738       0.002113
      17.580000      -0.008927       0.002117
      17.600000      -0.006604       0.002121
      17.619999      -0.002729       0.002127
      17.639999       0.000318       0.002133
      17.660000       0.000650       0.002135
      17.680000      -0.005893       0.002134
      17.699999      -0.002595       0.002138
      17.719999      -0.004215       0.002138
      17.740000      -0.004096       0.002138
      17.760000      -0.001509       0.002142
      17.779999       0.003015       0.002146
      17.799999      -0.000559       0.002146
      17.820000       0.000814       0.002144
      17.840000      -0.001587       0.002144
      17.859999      -0.000462       0.002145
      17.879999       0.004085       0.002150
      17.900000       0.007438       0.002154
      17.920000       0.009173       0.002160
      17.940001       0.012510       0.002166
      17.959999       0.018315       0.002173
      17.980000       0.022480       0.002177
      18.000000       0.024828       0.002182
      18.020000       0.021226       0.002182
      18.039999       0.021452       0.002184
      18.059999       0.018037       0.002184
      18.080000       0.017592       0.002185
      18.100000       0.014395       0.002183
      18.119999       0.016702       0.002187
      18.139999       0.013892       0.002187
      18.160000       0.014856       0.002188
      18.180000       0.013546       0.002189
      18.199999       0.013942       0.002191
      18.219999       0.018306       0.002195
      18.240000       0.028035       0.002205
      18.260000       0.030205       0.002208
      18.279999       0.026370       0.002208
      18.299999       0.023014       0.002207
      18.320000       0.017143       0.002204
      18.340000       0.014214       0.002202
      18.359999       0.009702       0.002199
      18.379999       0.008511       0.002200
      18.400000       0.009291       0.002202
      18.420000       0.010146       0.002206
      18.440001       0.007430       0.002206
      18.459999       0.006183       0.002208
      18.480000       0.006632       0.002210
      18.500000       0.006748       0.002214
      18.520000       0.005571       0.002212
      18.539999       0.001933       0.002210
      18.559999      -0.003064       0.002209
      18.580000      -0.004273       0.002211
      18.600000      -0.000890       0.002215
      18.619999       0.001664       0.002219
      18.639999       0.001949       0.002223
      18.660000       0.004566       0.002225
      18.680000       0.001488       0.002225
      18.699999       0.005036       0.002228
      18.719999       0.005579       0.002231
      18.740000       0.003077       0.002230
      18.760000      -0.005219       0.002226
      18.779999      -0.007278       0.002226
      18.799999      -0.006361       0.002227
      18.820000      -0.007713       0.002231
      18.840000      -0.009789       0.002233
      18.859999      -0.012149       0.002233
      18.879999      -0.015773       0.002229
      18.900000      -0.020032       0.002228
      18.920000      -0.023477       0.002229
      18.939999      -0.024925       0.002227
      18.959999      -0.028124       0.002226
      18.980000      -0.031617       0.002226
      19.000000      -0.033680       0.002228
      19.020000      -0.036140       0.002227
      19.039999      -0.041404       0.002226
      19.059999      -0.044016       0.002224
      19.080000      -0.047733       0.002221
      19.100000      -0.049772       0.002219
      19.119999      -0.050316       0.002221
      19.139999      -0.047343       0.002226
      19.160000      -0.044231       0.002233
      19.180000      -0.040588       0.002240
      19.199999      -0.041722       0.002241
      19.219999      -0.044787       0.002237
      19.240000      -0.049425       0.002234
      19.260000      -0.050751       0.002235
      19.279999      -0.051612       0.002233
      19.299999      -0.053223       0.002233
      19.320000      -0.051482       0.002238
      19.340000      -0.055012       0.002240
      19.359999      -0.058015       0.002240
      19.379999      -0.058027       0.002242
      19.400000      -0.057247       0.002244
      19.420000      -0.057948       0.002243
      19.439999      -0.060442       0.002241
      19.459999      -0.065547       0.002238
      19.480000      -0.066816       0.002241
      19.500000      -0.067597       0.002241
      19.520000      -0.067403       0.002245
      19.539999      -0.063082       0.002250
      19.559999      -0.063675       0.002253
      19.580000      -0.061553       0.002258
      19.600000      -0.062974       0.002259
      19.619999      -0.064183       0.002259
      19.639999      -0.061649       0.002262
      19.660000      -0.061108       0.002260
      19.680000      -0.064630       0.002258
      19.699999      -0.061345       0.002262
      19.719999      -0.065267       0.002262
      19.740000      -0.063884       0.002265
      19.760000      -0.064154       0.002264
      19.779999      -0.062659       0.002268
      19.799999      -0.064884       0.002267
      19.820000      -0.063746       0.002272
      19.840000      -0.062939       0.002279
      19.859999      -0.059103       0.002287
      19.879999      -0.057860       0.002289
      19.900000      -0.058144       0.002287
      19.920000      -0.059434       0.002286
      19.939999      -0.062929       0.002281
      19.959999      -0.061626       0.002280
      19.980000      -0.058809       0.002283
      20.000000      -0.057423       0.002291
      20.020000      -0.053670       0.002299
      20.039999      -0.054537       0.002304
      20.059999      -0.051889       0.002310
      20.080000      -0.049722       0.002312
      20.100000      -0.048198       0.002313
      20.119999      -0.047318       0.002314
      20.139999      -0.048891       0.002314
      20.160000      -0.051094       0.002317
      20.180000      -0.047813       0.002320
      20.199999      -0.045536       0.002322
      20.219999      -0.046720       0.002323
      20.240000      -0.046181       0.002324
      20.260000      -0.042220       0.002329
      20.279999      -0.037780       0.002337
      20.299999      -0.038602       0.002341
      20.320000      -0.039041       0.002340
      20.340000      -0.035824       0.002341
      20.359999      -0.035800       0.002338
      20.379999      -0.037225       0.002337
      20.400000      -0.036762       0.002341
      20.420000      -0.031632       0.002351
      20.439999      -0.025025       0.002362
      20.459999      -0.024296       0.002368
      20.480000      -0.024442       0.002369
      20.500000      -0.021999       0.002366
      20.520000      -0.023399       0.002366
      20.539999      -0.026014       0.002366
      20.559999      -0.026489       0.002370
      20.580000      -0.024827       0.002375
      20.600000      -0.022204       0.002378
      20.619999      -0.018646       0.002383
      20.639999      -0.016227       0.002386
      20.660000      -0.015507       0.002388
      20.680000      -0.012857       0.002391
      20.699999      -0.009895       0.002397
      20.719999      -0.004882       0.002405
      20.740000      -0.004000       0.002407
      20.760000      -0.008395       0.002404
      20.779999      -0.006073       0.002405
      20.799999      -0.005716       0.002407
      20.820000      -0.006711       0.002410
      20.840000      -0.005564       0.002415
      20.859999      -0.005490       0.002417
      20.879999      -0.004825       0.002418
      20.900000      -0.006647       0.002419
      20.920000      -0.006322       0.002420
      20.939999      -0.002436       0.002422
      20.959999      -0.002633       0.002425
      20.980000      -0.001756       0.002430
      21.000000      -0.000258       0.002433
      21.020000       0.000293       0.002435
      21.039999       0.000559       0.002434
      21.059999      -0.000299       0.002436
      21.080000       0.001618       0.002441
      21.100000       0.001354       0.002443
      21.119999       0.002499       0.002447
      21.139999       0.002444       0.002451
      21.160000       0.003634       0.002451
      21.180000       0.000887       0.002448
      21.199999       0.002030       0.002451
      21.219999      -0.000326       0.002451
      21.240000       0.002807       0.002454
      21.260000       0.005925       0.002457
      21.279999       0.002581       0.002457
      21.299999       0.004375       0.002456
      21.320000       0.005396       0.002457
      21.340000       0.006070       0.002461
      21.359999       0.009883       0.002468
      21.379999       0.008730       0.002473
      21.400000       0.006820       0.002475
      21.420000       0.008703       0.002476
      21.439999       0.007850       0.002475
      21.459999       0.005392       0.002473
      21.480000       0.006074       0.002475
      21.500000       0.006935       0.002478
      21.520000       0.005085       0.002481
      21.539999       0.006383       0.002486
      21.559999       0.005086       0.002485
      21.580000       0.004278       0.002485
      21.600000       0.003070       0.002484
      21.619999      -0.000394       0.002481
      21.639999       0.001710       0.002485
      21.660000      -0.000829       0.002488
      21.680000      -0.000961       0.002493
      21.699999      -0.002244       0.002490
      21.719999      -0.004484       0.002491
      21.740000      -0.004512       0.002491
      21.760000      -0.003319       0.002494
      21.779999      -0.000892       0.002498
      21.799999       0.000927       0.002500
      21.820000       0.001048       0.002501
      21.840000       0.001529       0.002503
      21.859999      -0.002073       0.002499
      21.879999      -0.004056       0.002496
      21.900000      -0.004230       0.002500
      21.920000      -0.003938       0.002504
      21.939999      -0.006455       0.002505
      21.959999      -0.006349       0.002511
      21.980000      -0.008391       0.002514
      22.000000      -0.008592       0.002514
      22.020000      -0.009296       0.002514
      22.039999      -0.008106       0.002518
      22.059999      -0.008089       0.002519
      22.080000      -0.007133       0.002520
      22.100000      -0.008615       0.002521
      22.119999      -0.012948       0.002520
      22.139999      -0.015746       0.002518
      22.160000      -0.017157       0.002517
      22.180000      -0.018314       0.002516
      22.199999      -0.018919       0.002520
      22.219999      -0.015336       0.002525
      22.240000      -0.017095       0.002525
      22.260000      -0.022610       0.002524
      22.279999      -0.021463       0.002524
      22.299999      -0.020634       0.002525
      22.320000      -0.018210       0.002530
      22.340000      -0.015367       0.002534
      22.359999      -0.015493       0.002538
      22.379999      -0.015904       0.002541
      22.400000      -0.013306       0.002545
      22.420000      -0.016515       0.002544
      22.439999      -0.017743       0.002545
      22.459999      -0.021382       0.002543
      22.480000      -0.019928       0.002545
      22.500000      -0.021491       0.002547
      22.519999      -0.021234       0.002549
      22.539999      -0.020419       0.002550
      22.559999      -0.018300       0.002554
      22.580000      -0.015427       0.002557
      22.600000      -0.016357       0.002560
      22.619999      -0.019191       0.002559
      22.639999      -0.021410       0.002559
      22.660000      -0.021604       0.002559
      22.680000      -0.022259       0.002558
      22.699999      -0.025397       0.002559
      22.719999      -0.026053       0.002559
      22.740000      -0.026918       0.002560
      22.760000      -0.027523       0.002562
      22.779999      -0.025647       0.002564
      22.799999      -0.027286       0.002563
      22.820000      -0.026170       0.002564
      22.840000      -0.025336       0.002570
      22.859999      -0.026092       0.002572
      22.879999      -0.027756       0.002576
      22.900000      -0.027671       0.002576
      22.920000      -0.029349       0.002575
      22.939999      -0.026467       0.002576
      22.959999      -0.028260       0.002574
      22.980000      -0.031669       0.002573
      23.000000      -0.025007       0.002581
      23.019999      -0.022995       0.002589
      23.039999      -0.021533       0.002591
      23.059999      -0.021173       0.002593
      23.080000      -0.023698       0.002593
      23.100000      -0.025490       0.002595
      23.119999      -0.024702       0.002596
      23.139999      -0.023179       0.002599
      23.160000      -0.028698       0.002599
      23.180000      -0.029312       0.002598
      23.199999      -0.030244       0.002597
      23.219999      -0.033824       0.002595
      23.240000      -0.033135       0.002593
      23.260000      -0.034102       0.002596
      23.279999      -0.033787       0.002597
      23.299999      -0.034107       0.002599
      23.320000      -0.035690       0.002604
      23.340000      -0.032086       0.002609
      23.359999      -0.030523       0.002617
      23.379999      -0.029534       0.002621
      23.400000      -0.031645       0.002620
      23.420000      -0.033434       0.002619
      23.439999      -0.038528       0.002616
      23.459999      -0.039187       0.002612
      23.480000      -0.039514       0.002613
      23.500000      -0.041281       0.002613
      23.519999      -0.043221       0.002615
      23.539999      -0.040811       0.002617
      23.559999      -0.042672       0.002619
      23.580000      -0.045994       0.002621
      23.600000      -0.042171       0.002625
      23.619999      -0.039336       0.002630
      23.639999      -0.038804       0.002631
      23.660000      -0.035859       0.002636
      23.680000      -0.038140       0.002635
      23.699999      -0.043473       0.002632
      23.719999      -0.041047       0.002629
      23.740000      -0.041409       0.002629
      23.760000      -0.044365       0.002629
      23.779999      -0.045565       0.002632
      23.799999      -0.044144       0.002636
      23.820000      -0.041653       0.002642
      23.840000      -0.041594       0.002649
      23.859999      -0.041818       0.002649
      23.879999      -0.039832       0.002650
      23.900000      -0.042166       0.002649
      23.920000      -0.042173       0.002651
      23.939999      -0.040134       0.002656
      23.959999      -0.035125       0.002662
      23.980000      -0.033599       0.002669
      24.000000      -0.033353       0.002668
      24.019999      -0.037563       0.002664
      24.039999      -0.038022       0.002663
      24.059999      -0.036349       0.002667
      24.080000      -0.036799       0.002670
      24.100000      -0.033614       0.002677
      24.119999      -0.032490       0.002682
      24.139999      -0.035105       0.002677
      24.160000      -0.035230       0.002676
      24.180000      -0.036359       0.002676
      24.199999      -0.034239       0.002680
      24.219999      -0.028153       0.002691
      24.240000      -0.027728       0.002695
      24.260000      -0.030579       0.002699
      24.279999      -0.028066       0.002698
      24.299999      -0.030470       0.002697
      24.320000      -0.031196       0.002694
      24.340000      -0.028093       0.002695
      24.359999      -0.026701       0.002698
      24.379999      -0.028460       0.002705
      24.400000      -0.024162       0.002710
      24.420000      -0.019418       0.002720
      24.439999      -0.024902       0.002718
      24.459999      -0.024284       0.002721
      24.480000      -0.022749       0.002719
      24.500000      -0.020337       0.002724
      24.519999      -0.021767       0.002724
      24.539999      -0.020609       0.002728
      24.559999      -0.016187       0.002735
      24.580000      -0.015986       0.002738
      24.600000      -0.012307       0.002741
      24.619999      -0.020539       0.002734
      24.639999      -0.016377       0.002734
      24.660000      -0.018859       0.002736
      24.680000      -0.013527       0.002744
      24.699999      -0.013121       0.002748
      24.719999      -0.007176       0.002754
      24.740000      -0.011655       0.002757
      24.760000      -0.008103       0.002765
      24.779999      -0.002195       0.002775
      24.799999      -0.003947       0.002775
      24.820000      -0.003446       0.002776
      24.840000      -0.002007       0.002778
      24.859999      -0.003731       0.002780
      24.879999      -0.006623       0.002778
      24.900000      -0.003622       0.002777
      24.920000      -0.003934       0.002774
      24.939999      -0.012283       0.002766
      24.959999      -0.004921       0.002781
      24.980000      -0.003015       0.002785
      25.000000      -0.004817       0.002788
      25.019999      -0.004919       0.002794
      25.039999      -0.001994       0.002795
      25.059999      -0.003396       0.002790
      25.080000      -0.005382       0.002788
      25.100000      -0.006118       0.002783
      25.119999      -0.008036       0.002788
      25.139999      -0.006039       0.002793
      25.160000      -0.006114       0.002797
      25.180000      -0.003790       0.002801
      25.199999       0.000312       0.002806
      25.219999      -0.003151       0.002808
      25.240000      -0.001718       0.002813
      25.260000      -0.003251       0.002812
      25.279999      -0.004117       0.002813
      25.299999      -0.002532       0.002810
      25.320000      -0.001092       0.002817
      25.340000      -0.006285       0.002817
      25.359999      -0.004703       0.002818
      25.379999      -0.002322       0.002825
      25.400000      -0.000124       0.002829
      25.420000      -0.000637       0.002830
      25.439999      -0.001280       0.002828
      25.459999      -0.004588       0.002824
      25.480000      -0.004552       0.002822
      25.500000      -0.003122       0.002823
      25.519999      -0.003183       0.002831
      25.539999       0.002742       0.002842
      25.559999       0.001992       0.002846
      25.580000       0.004199       0.002848
      25.599998       0.000285       0.002845
      25.619999       0.001881       0.002846
      25.639999      -0.003373       0.002842
      25.660000      -0.006642       0.002842
      25.680000      -0.002511       0.002851
      25.699999      -0.006345       0.002850
      25.719999      -0.001421       0.002855
      25.740000      -0.001214       0.002854
      25.760000      -0.001695       0.002855
      25.779999      -0.005503       0.002853
      25.799999      -0.002326       0.002859
      25.820000       0.001544       0.002867
      25.840000      -0.001938       0.002867
      25.859999      -0.000332       0.002872
      25.879999      -0.000273       0.002873
      25.900000      -0.002047       0.002877
      25.920000      -0.003500       0.002875
      25.939999      -0.000848       0.002877
      25.959999      -0.003213       0.002877
      25.980000       0.001846       0.002885
      26.000000      -0.001800       0.002882
      26.019999       0.000989       0.002886
      26.039999      -0.006970       0.002881
      26.059999      -0.005276       0.002888
      26.080000      -0.004994       0.002890
      26.099998      -0.008678       0.002886
      26.119999      -0.010431       0.002885
      26.139999      -0.007875       0.002887
      26.160000      -0.009100       0.002886
      26.180000      -0.010686       0.002888
      26.199999      -0.012561       0.002891
      26.219999      -0.014775       0.002891
      26.240000      -0.010673       0.002894
      26.260000      -0.009948       0.002895
      26.279999      -0.014939       0.002891
      26.299999      -0.016850       0.002890
      26.320000      -0.012710       0.002898
      26.340000      -0.009600       0.002911
      26.359999      -0.010589       0.002913
      26.379999      -0.011748       0.002916
      26.400000      -0.012928       0.002914
      26.420000      -0.010996       0.002915
      26.439999      -0.017733       0.002913
      26.459999      -0.015166       0.002917
      26.480000      -0.011833       0.002924
      26.500000      -0.012971       0.002924
      26.519999      -0.016775       0.002921
      26.539999      -0.023708       0.002911
      26.559999      -0.028004       0.002903
      26.580000      -0.024912       0.002907
      26.599998      -0.023059       0.002912
      26.619999      -0.022150       0.002922
      26.639999      -0.018200       0.002932
      26.660000      -0.020069       0.002934
      26.680000      -0.015718       0.002933
      26.699999      -0.020376       0.002935
      26.719999      -0.021725       0.002931
      26.740000      -0.022680       0.002931
      26.760000      -0.018170       0.002936
      26.779999      -0.018635       0.002942
      26.799999      -0.024957       0.002939
      26.820000      -0.025192       0.002936
      26.840000      -0.029686       0.002932
      26.859999      -0.026667       0.002937
      26.879999      -0.021024       0.002943
      26.900000      -0.022637       0.002949
      26.920000      -0.023506       0.002949
      26.939999      -0.027516       0.002949
      26.959999      -0.026222       0.002955
      26.980000      -0.028033       0.002949
      27.000000      -0.027134       0.002951
      27.019999      -0.031274       0.002949
      27.039999      -0.023571       0.002956
      27.059999      -0.021634       0.002961
      27.080000      -0.026902       0.002959
      27.099998      -0.028190       0.002959
      27.119999      -0.030242       0.002959
      27.139999      -0.025385       0.002965
      27.160000      -0.028605       0.002969
      27.180000      -0.030402       0.002975
      27.199999      -0.025965       0.002981
      27.219999      -0.024384       0.002984
      27.240000      -0.023009       0.002984
      27.260000      -0.029037       0.002974
      27.279999      -0.025847       0.002981
      27.299999      -0.027089       0.002979
      27.320000      -0.026941       0.002978
      27.340000      -0.031761       0.002979
      27.359999      -0.025253       0.002986
      27.379999      -0.024683       0.002993
      27.400000      -0.027352       0.002989
      27.420000      -0.026211       0.002995
      27.439999      -0.026468       0.002995
      27.459999      -0.026240       0.002997
      27.480000      -0.026593       0.002998
      27.500000      -0.030053       0.003000
      27.519999      -0.027105       0.003003
      27.539999      -0.023495       0.003008
      27.559999      -0.025975       0.003012
      27.580000      -0.028181       0.003015
      27.599998      -0.024358       0.003018
      27.619999      -0.025041       0.003019
      27.639999      -0.021665       0.003026
      27.660000      -0.024198       0.003025
      27.680000      -0.025013       0.003025
      27.699999      -0.022528       0.003026
      27.719999      -0.027416       0.003021
      27.740000      -0.023280       0.003023
      27.760000      -0.026503       0.003022
      27.779999      -0.028304       0.003023
      27.799999      -0.025043       0.003029
      27.820000      -0.022730       0.003036
      27.840000      -0.021656       0.003045
      27.859999      -0.021967       0.003047
      27.879999      -0.020294       0.003046
      27.900000      -0.022097       0.003046
      27.920000      -0.019511       0.003056
      27.939999      -0.017858       0.003057
      27.959999      -0.019142       0.003055
      27.980000      -0.023524       0.003052
      28.000000      -0.017254       0.003056
      28.019999      -0.019407       0.003053
      28.039999      -0.015153       0.003064
      28.059999      -0.015171       0.003068
      28.080000      -0.018795       0.003072
      28.099998      -0.015638       0.003077
      28.119999      -0.016966       0.003078
      28.139999      -0.015109       0.003078
      28.160000      -0.015002       0.003082
      28.180000      -0.018336       0.003080
      28.199999      -0.012807       0.003085
      28.219999      -0.008939       0.003094
      28.240000      -0.013322       0.003090
      28.260000      -0.015175       0.003088
      28.279999      -0.015681       0.003081
      28.299999      -0.019540       0.003079
      28.320000      -0.018074       0.003083
      28.340000      -0.018266       0.003091
      28.359999      -0.013076       0.003102
      28.379999      -0.008537       0.003111
      28.400000      -0.008073       0.003116
      28.420000      -0.007015       0.003121
      28.439999      -0.008809       0.003118
      28.459999      -0.009625       0.003118
      28.480000      -0.006995       0.003122
      28.500000      -0.007459       0.003123
      28.519999      -0.007465       0.003125
      28.539999      -0.005230       0.003130
      28.559999      -0.009979       0.003127
      28.580000      -0.014518       0.003124
      28.599998      -0.012294       0.003126
      28.619999      -0.009232       0.003133
      28.639999      -0.005958       0.003141
      28.660000      -0.005087       0.003146
      28.680000      -0.006928       0.003149
      28.699999      -0.005527       0.003150
      28.719999      -0.004031       0.003154
      28.740000      -0.008989       0.003155
      28.760000      -0.003881       0.003160
      28.779999       0.000283       0.003166
      28.799999       0.000595       0.003170
      28.820000      -0.000464       0.003164
      28.840000      -0.006411       0.003159
      28.859999      -0.003357       0.003162
      28.879999      -0.000322       0.003170
      28.900000      -0.000898       0.003174
      28.920000       0.004062       0.003187
      28.939999      -0.000455       0.003185
      28.959999       0.002671       0.003189
      28.980000       0.006528       0.003193
      29.000000       0.003563       0.003190
      29.019999      -0.001852       0.003186
      29.039999      -0.007367       0.003182
      29.059999      -0.006874       0.003183
      29.080000      -0.003583       0.003184
      29.099998      -0.006992       0.003180
      29.119999      -0.008815       0.003179
      29.139999      -0.005075       0.003190
      29.160000      -0.004921       0.003190
      29.179998      -0.000106       0.003195
      29.199999      -0.004669       0.003196
      29.219999      -0.001668       0.003200
      29.240000      -0.005351       0.003200
      29.260000      -0.002649       0.003205
      29.279999      -0.003551       0.003208
      29.299999      -0.002156       0.003214
      29.320000      -0.002103       0.003218
      29.340000      -0.002158       0.003218
      29.359999      -0.003291       0.003217
      29.379999      -0.006808       0.003214
      29.400000      -0.009362       0.003212
      29.420000      -0.009370       0.003213
      29.439999      -0.010834       0.003208
      29.459999      -0.005777       0.003218
      29.480000      -0.000300       0.003235
      29.500000      -0.003339       0.003239
      29.519999      -0.001814       0.003243
      29.539999      -0.002887       0.003247
      29.559999      -0.002244       0.003249
      29.580000      -0.004976       0.003245
      29.599998      -0.008829       0.003240
      29.619999      -0.007813       0.003237
      29.639999      -0.011899       0.003234
      29.660000      -0.011869       0.003238
      29.679998      -0.013180       0.003239
      29.699999      -0.008773       0.003241
      29.719999      -0.004928       0.003248
      29.740000      -0.009092       0.003252
      29.760000      -0.011272       0.003251
      29.779999      -0.011722       0.003248
      29.799999      -0.011318       0.003253
      29.820000      -0.010685       0.003255
      29.840000      -0.006100       0.003266
      29.859999      -0.006244       0.003270
      29.879999      -0.001856       0.003275
      29.900000      -0.005183       0.003282
      29.920000      -0.009192       0.003278
      29.939999      -0.009863       0.003273
      29.959999      -0.008893       0.003270
      29.980000      -0.008150       0.003274
      30.000000      -0.010473       0.003274
      30.019999      -0.008621       0.003279
      30.039999      -0.010387       0.003278
      30.059999      -0.009662       0.003283
      30.080000      -0.011889       0.003280
      30.099998      -0.013020       0.003275
      30.119999      -0.013341       0.003278
      30.139999      -0.007884       0.003286
      30.160000      -0.012096       0.003291
      30.179998      -0.004474       0.003303
      30.199999      -0.004430       0.003312
      30.219999      -0.005093       0.003304
      30.240000      -0.006945       0.003306
      30.260000      -0.007405       0.003305
      30.279999      -0.010239       0.003302
      30.299999      -0.011520       0.003297
      30.320000      -0.011377       0.003303
      30.340000      -0.010511       0.003314
      30.359999      -0.010624       0.003318
      30.379999      -0.005454       0.003320
      30.400000      -0.012612       0.003319
      30.420000      -0.013822       0.003317
      30.439999      -0.008331       0.003327
      30.459999      -0.003907       0.003332
      30.480000      -0.005893       0.003338
      30.500000      -0.004648       0.003340
      30.519999      -0.007277       0.003333
      30.539999      -0.012730       0.003322
      30.559999      -0.010192       0.003327
      30.580000      -0.010799       0.003329
      30.599998      -0.009860       0.003330
      30.619999      -0.010677       0.003339
      30.639999      -0.006814       0.003346
      30.660000      -0.000763       0.003358
      30.679998      -0.002974       0.003364
      30.699999      -0.007694       0.003361
      30.719999      -0.000023       0.003372
      30.740000      -0.002050       0.003372
      30.760000      -0.002798       0.003376
      30.779999      -0.003043       0.003371
      30.799999      -0.000960       0.003372
      30.820000      -0.005551       0.003368
      30.840000      -0.007041       0.003367
      30.859999      -0.010296       0.003367
      30.879999      -0.009796       0.003364
      30.900000      -0.007910       0.003369
      30.920000      -0.003904       0.003381
      30.939999      -0.003857       0.003387
      30.959999      -0.003005       0.003391
      30.980000      -0.003852       0.003387
      31.000000      -0.012149       0.003380
      31.019999      -0.010009       0.003385
      31.039999      -0.005768       0.003391
      31.059999      -0.003964       0.003393
      31.080000       0.001579       0.003399
      31.099998      -0.007489       0.003398
      31.119999      -0.007656       0.003399
      31.139999      -0.007727       0.003395
      31.160000      -0.005107       0.003400
      31.179998      -0.005647       0.003403
      31.199999      -0.008250       0.003403
      31.219999      -0.006832       0.003406
      31.240000      -0.003246       0.003415
      31.260000      -0.003317       0.003424
      31.279999      -0.004591       0.003424
      31.299999      -0.004771       0.003425
      31.320000      -0.005333       0.003426
      31.340000      -0.006971       0.003420
      31.359999      -0.005928       0.003427
      31.379999      -0.003402       0.003432
      31.400000      -0.002905       0.003438
