#       1571
#     file:    SofQ/NOM_9999_NIST_Si_SQ.dat
#     created: Tue Mar 14 05:18:26 2017
#     Comment: neutron, Qmax=31.4, Qdamp=0.017659, Qbroad=0.0191822
#     
       0.000000      -0.225004       0.000000
       0.020000      -0.225004       0.000000
       0.040000      -0.225004       0.000000
       0.060000      -0.225004       0.000000
       0.080000      -0.225004       0.000000
       0.100000      -0.225003       0.000000
       0.120000      -0.225003       0.000000
       0.140000      -0.225003       0.000000
       0.160000      -0.225003       0.028596
       0.180000      -0.225003       0.011609
       0.200000      -0.225002       0.010493
       0.220000      -0.099232       0.007479
       0.240000      -0.164924       0.005641
       0.260000      -0.216224       0.004443
       0.280000      -0.260151       0.003701
       0.300000      -0.264762       0.003235
       0.320000      -0.269070       0.002924
       0.340000      -0.269244       0.002714
       0.360000      -0.273951       0.002575
       0.380000      -0.267746       0.002522
       0.400000      -0.263007       0.002517
       0.420000      -0.269034       0.002541
       0.440000      -0.265261       0.002591
       0.460000      -0.264359       0.002652
       0.480000      -0.262401       0.002681
       0.500000      -0.251309       0.002694
       0.520000      -0.247059       0.002662
       0.540000      -0.251555       0.002610
       0.560000      -0.244447       0.002555
       0.580000      -0.246338       0.002498
       0.600000      -0.248121       0.002439
       0.620000      -0.250482       0.002381
       0.640000      -0.256140       0.002325
       0.660000      -0.255939       0.002274
       0.680000      -0.257689       0.002235
       0.700000      -0.261214       0.002203
       0.720000      -0.272923       0.002181
       0.740000      -0.280131       0.002182
       0.760000      -0.286707       0.002198
       0.780000      -0.294039       0.002224
       0.800000      -0.296043       0.002266
       0.820000      -0.296495       0.002308
       0.840000      -0.298923       0.002349
       0.860000      -0.306168       0.002385
       0.880000      -0.304998       0.002431
       0.900000      -0.307391       0.002478
       0.920000      -0.309813       0.002525
       0.940000      -0.310315       0.002580
       0.960000      -0.305761       0.002635
       0.980000      -0.303175       0.002692
       1.000000      -0.294544       0.002737
       1.020000      -0.287653       0.002758
       1.040000      -0.285142       0.002739
       1.060000      -0.268674       0.002703
       1.080000      -0.260739       0.002640
       1.100000      -0.253094       0.002567
       1.120000      -0.252298       0.002490
       1.140000      -0.251406       0.002420
       1.160000      -0.250893       0.002351
       1.180000      -0.253849       0.002284
       1.200000      -0.249643       0.002226
       1.220000      -0.246231       0.002174
       1.240000      -0.247888       0.002119
       1.260000      -0.250672       0.002071
       1.280000      -0.249410       0.002030
       1.300000      -0.250457       0.001991
       1.320000      -0.250320       0.001954
       1.340000      -0.252124       0.001918
       1.360000      -0.251311       0.001888
       1.380000      -0.251541       0.001859
       1.400000      -0.250709       0.001832
       1.420000      -0.251008       0.001808
       1.440000      -0.252880       0.001785
       1.460000      -0.252657       0.001768
       1.480000      -0.258098       0.001751
       1.500000      -0.262497       0.001739
       1.520000      -0.262529       0.001735
       1.540000      -0.263023       0.001737
       1.560000      -0.269041       0.001741
       1.580000      -0.271081       0.001751
       1.600000      -0.272044       0.001765
       1.620000      -0.271268       0.001781
       1.640000      -0.274726       0.001794
       1.660000      -0.273622       0.001811
       1.680000      -0.273223       0.001829
       1.700000      -0.277397       0.001834
       1.720000      -0.278240       0.001840
       1.740000      -0.279291       0.001843
       1.760000      -0.277712       0.001850
       1.780000      -0.275252       0.001853
       1.800000      -0.273755       0.001858
       1.820000      -0.265794       0.001872
       1.840000      -0.254542       0.001888
       1.860000      -0.228054       0.001922
       1.880000      -0.176783       0.001978
       1.900000      -0.065173       0.002090
       1.920000       0.222045       0.002348
       1.940000       0.844335       0.002824
       1.960000       1.876549       0.003472
       1.980000       3.323403       0.004215
       2.000000       4.419672       0.004698
       2.020000       3.467070       0.004275
       2.040000       1.471319       0.003225
       2.060000       0.381593       0.002471
       2.080000      -0.008973       0.002133
       2.100000      -0.171037       0.001965
       2.120000      -0.245213       0.001871
       2.140000      -0.268506       0.001826
       2.160000      -0.269634       0.001799
       2.180000      -0.270830       0.001772
       2.200000      -0.276118       0.001744
       2.220000      -0.275731       0.001722
       2.240000      -0.271837       0.001707
       2.260000      -0.270528       0.001689
       2.280000      -0.273674       0.001667
       2.300000      -0.270720       0.001651
       2.320000      -0.266610       0.001636
       2.340000      -0.271716       0.001611
       2.360000      -0.272937       0.001592
       2.380000      -0.270085       0.001577
       2.400000      -0.274965       0.001554
       2.420000      -0.267777       0.001544
       2.440000      -0.264115       0.001531
       2.460000      -0.266919       0.001511
       2.480000      -0.266593       0.001497
       2.500000      -0.265468       0.001482
       2.520000      -0.265962       0.001469
       2.540000      -0.259441       0.001460
       2.560000      -0.263226       0.001442
       2.580000      -0.258413       0.001435
       2.600000      -0.261783       0.001418
       2.620000      -0.258091       0.001408
       2.640000      -0.255890       0.001398
       2.660000      -0.258413       0.001385
       2.680000      -0.254844       0.001380
       2.700000      -0.259491       0.001367
       2.720000      -0.256788       0.001362
       2.740000      -0.259677       0.001352
       2.760000      -0.257885       0.001346
       2.780000      -0.260631       0.001338
       2.800000      -0.259667       0.001334
       2.820000      -0.258553       0.001329
       2.840000      -0.260891       0.001319
       2.860000      -0.255633       0.001315
       2.880000      -0.251431       0.001310
       2.900000      -0.234713       0.001316
       2.920000      -0.209784       0.001331
       2.940000      -0.200426       0.001335
       2.960000      -0.220156       0.001320
       2.980000      -0.244510       0.001303
       3.000000      -0.251509       0.001297
       3.020000      -0.255281       0.001291
       3.040000      -0.253408       0.001291
       3.060000      -0.242842       0.001299
       3.080000      -0.235079       0.001306
       3.100000      -0.221285       0.001318
       3.120000      -0.192746       0.001342
       3.140000      -0.146010       0.001379
       3.160000      -0.059824       0.001442
       3.180000       0.109018       0.001554
       3.200000       0.472440       0.001768
       3.220000       1.243655       0.002152
       3.240000       2.854491       0.002791
       3.260000       5.131260       0.003483
       3.280000       5.245589       0.003508
       3.300000       2.636070       0.002694
       3.320000       0.781154       0.001922
       3.340000       0.107717       0.001549
       3.360000      -0.112499       0.001403
       3.380000      -0.196517       0.001341
       3.400000      -0.237619       0.001308
       3.420000      -0.257019       0.001287
       3.440000      -0.270623       0.001272
       3.460000      -0.276103       0.001263
       3.480000      -0.282421       0.001254
       3.500000      -0.280258       0.001248
       3.520000      -0.278244       0.001245
       3.540000      -0.276567       0.001241
       3.560000      -0.276453       0.001237
       3.580000      -0.275210       0.001231
       3.600000      -0.273561       0.001227
       3.620000      -0.267820       0.001225
       3.640000      -0.260547       0.001224
       3.660000      -0.248306       0.001227
       3.680000      -0.233312       0.001230
       3.700000      -0.207434       0.001242
       3.720000      -0.160222       0.001267
       3.740000      -0.075330       0.001313
       3.760000       0.095478       0.001406
       3.780000       0.448951       0.001585
       3.800000       1.295295       0.001949
       3.820000       3.519953       0.002679
       3.840000       5.386942       0.003153
       3.860000       2.129816       0.002224
       3.880000       0.460925       0.001552
       3.900000      -0.012840       0.001300
       3.920000      -0.164952       0.001206
       3.940000      -0.227528       0.001161
       3.960000      -0.251311       0.001141
       3.980000      -0.266589       0.001128
       4.000000      -0.276066       0.001117
       4.020000      -0.280041       0.001112
       4.040000      -0.280659       0.001109
       4.060000      -0.281709       0.001107
       4.080000      -0.280260       0.001109
       4.100000      -0.279622       0.001109
       4.120000      -0.278776       0.001107
       4.140000      -0.270017       0.001108
       4.160000      -0.268458       0.001102
       4.180000      -0.276173       0.001088
       4.200000      -0.275562       0.001075
       4.220000      -0.277656       0.001054
       4.240000      -0.270035       0.001033
       4.260000      -0.270543       0.001005
       4.280000      -0.271268       0.000978
       4.300000      -0.266560       0.000960
       4.320000      -0.261796       0.000950
       4.340000      -0.270638       0.000937
       4.360000      -0.273109       0.000933
       4.380000      -0.271580       0.000935
       4.400000      -0.266138       0.000941
       4.420000      -0.261563       0.000944
       4.440000      -0.259875       0.000945
       4.460000      -0.257453       0.000946
       4.480000      -0.251995       0.000950
       4.500000      -0.241263       0.000957
       4.520000      -0.224381       0.000968
       4.540000      -0.194197       0.000986
       4.560000      -0.134643       0.001017
       4.580000       0.001366       0.001083
       4.600000       0.383282       0.001249
       4.620000       1.996862       0.001786
       4.640000       1.185747       0.001545
       4.660000      -0.011088       0.001086
       4.680000      -0.173982       0.001009
       4.700000      -0.226425       0.000985
       4.720000      -0.246549       0.000976
       4.740000      -0.258273       0.000972
       4.760000      -0.259904       0.000973
       4.780000      -0.262650       0.000973
       4.800000      -0.260695       0.000977
       4.820000      -0.261617       0.000979
       4.840000      -0.257851       0.000984
       4.860000      -0.253292       0.000989
       4.880000      -0.246654       0.000995
       4.900000      -0.232621       0.001006
       4.920000      -0.215365       0.001019
       4.940000      -0.183261       0.001039
       4.960000      -0.121885       0.001074
       4.980000       0.000835       0.001137
       5.000000       0.283414       0.001272
       5.020000       1.110505       0.001599
       5.040000       3.970459       0.002410
       5.060000       1.177242       0.001635
       5.080000       0.098409       0.001207
       5.100000      -0.113375       0.001105
       5.120000      -0.203353       0.001061
       5.140000      -0.239073       0.001045
       5.160000      -0.254458       0.001040
       5.180000      -0.262815       0.001040
       5.200000      -0.266113       0.001040
       5.220000      -0.269146       0.001043
       5.240000      -0.270347       0.001045
       5.260000      -0.272855       0.001047
       5.280000      -0.273548       0.001050
       5.300000      -0.272818       0.001053
       5.320000      -0.273089       0.001056
       5.340000      -0.270753       0.001060
       5.360000      -0.271015       0.001064
       5.380000      -0.267856       0.001068
       5.400000      -0.264328       0.001074
       5.420000      -0.262409       0.001078
       5.440000      -0.255418       0.001085
       5.460000      -0.250513       0.001093
       5.480000      -0.241351       0.001102
       5.500000      -0.228569       0.001112
       5.520000      -0.212095       0.001125
       5.540000      -0.181965       0.001146
       5.560000      -0.136924       0.001176
       5.580000      -0.054530       0.001226
       5.600000       0.098954       0.001313
       5.620000       0.433726       0.001482
       5.640000       1.338525       0.001863
       5.660000       4.877848       0.002905
       5.680000       3.418262       0.002540
       5.700000       0.414816       0.001497
       5.720000      -0.015798       0.001280
       5.740000      -0.142853       0.001212
       5.760000      -0.199306       0.001182
       5.780000      -0.230811       0.001167
       5.800000      -0.243987       0.001163
       5.820000      -0.244621       0.001166
       5.840000      -0.242124       0.001172
       5.860000      -0.229375       0.001185
       5.880000      -0.212711       0.001200
       5.900000      -0.199490       0.001212
       5.920000      -0.161262       0.001241
       5.940000      -0.089928       0.001288
       5.960000       0.065070       0.001383
       5.980000       0.479454       0.001605
       6.000000       2.043309       0.002251
       6.020000       2.539614       0.002428
       6.040000       0.254873       0.001508
       6.060000      -0.099189       0.001312
       6.080000      -0.190825       0.001259
       6.100000      -0.232704       0.001237
       6.120000      -0.252332       0.001228
       6.140000      -0.266167       0.001223
       6.160000      -0.273152       0.001223
       6.180000      -0.275734       0.001224
       6.200000      -0.277589       0.001227
       6.220000      -0.278364       0.001230
       6.240000      -0.278367       0.001233
       6.260000      -0.280070       0.001235
       6.280000      -0.280328       0.001237
       6.300000      -0.278820       0.001243
       6.320000      -0.273744       0.001250
       6.340000      -0.272260       0.001255
       6.360000      -0.270095       0.001260
       6.380000      -0.264167       0.001267
       6.400000      -0.256454       0.001277
       6.420000      -0.246541       0.001288
       6.440000      -0.230162       0.001302
       6.460000      -0.198067       0.001327
       6.480000      -0.143658       0.001370
       6.500000      -0.015404       0.001457
       6.520000       0.349511       0.001677
       6.540000       1.667533       0.002301
       6.560000       0.762241       0.001903
       6.580000      -0.033151       0.001462
       6.600000      -0.176375       0.001371
       6.620000      -0.218566       0.001346
       6.640000      -0.236637       0.001337
       6.660000      -0.239960       0.001339
       6.680000      -0.237636       0.001347
       6.700000      -0.224980       0.001360
       6.720000      -0.207115       0.001378
       6.740000      -0.176430       0.001404
       6.760000      -0.125186       0.001446
       6.780000      -0.028672       0.001517
       6.800000       0.192221       0.001665
       6.820000       0.832037       0.002027
       6.840000       3.082829       0.002968
       6.860000       1.552822       0.002381
       6.880000       0.162740       0.001667
       6.900000      -0.092760       0.001502
       6.920000      -0.175895       0.001447
       6.940000      -0.215609       0.001421
       6.960000      -0.237736       0.001408
       6.980000      -0.251136       0.001402
       7.000000      -0.253721       0.001404
       7.020000      -0.257955       0.001404
       7.040000      -0.256638       0.001409
       7.060000      -0.260472       0.001410
       7.080000      -0.257295       0.001416
       7.100000      -0.257157       0.001420
       7.120000      -0.253186       0.001425
       7.140000      -0.246421       0.001435
       7.160000      -0.231812       0.001449
       7.180000      -0.212424       0.001468
       7.200000      -0.193672       0.001486
       7.220000      -0.165057       0.001510
       7.240000      -0.113214       0.001554
       7.260000      -0.004132       0.001636
       7.280000       0.258918       0.001818
       7.300000       1.115670       0.002307
       7.320000       2.609613       0.002977
       7.340000       0.565660       0.002019
       7.360000       0.013262       0.001668
       7.380000      -0.126366       0.001569
       7.400000      -0.182176       0.001532
       7.420000      -0.204539       0.001517
       7.440000      -0.215621       0.001512
       7.460000      -0.219013       0.001513
       7.480000      -0.212280       0.001522
       7.500000      -0.198802       0.001537
       7.520000      -0.159256       0.001572
       7.540000      -0.084799       0.001635
       7.560000       0.123176       0.001789
       7.580000       0.839278       0.002240
       7.600000       0.548754       0.002075
       7.620000      -0.058893       0.001668
       7.640000      -0.172035       0.001582
       7.660000      -0.213603       0.001552
       7.680000      -0.231430       0.001541
       7.700000      -0.242135       0.001537
       7.720000      -0.242729       0.001538
       7.740000      -0.237507       0.001544
       7.760000      -0.230244       0.001553
       7.780000      -0.232615       0.001552
       7.800000      -0.245878       0.001545
       7.820000      -0.251089       0.001545
       7.840000      -0.249148       0.001551
       7.860000      -0.243969       0.001559
       7.880000      -0.244925       0.001563
       7.900000      -0.235240       0.001574
       7.920000      -0.223479       0.001589
       7.940000      -0.206722       0.001608
       7.960000      -0.173425       0.001640
       7.980000      -0.101138       0.001705
       8.000000       0.135227       0.001891
       8.020000       0.430724       0.002100
       8.040000      -0.040884       0.001763
       8.059999      -0.160572       0.001669
       8.080000      -0.194398       0.001645
       8.099999      -0.198888       0.001642
       8.120000      -0.196599       0.001648
       8.139999      -0.184993       0.001660
       8.160000      -0.168607       0.001677
       8.179999      -0.129967       0.001712
       8.200000      -0.064035       0.001769
       8.220000       0.087498       0.001892
       8.240000       0.498630       0.002186
       8.260000       1.569011       0.002810
       8.280000       0.668303       0.002302
       8.300000       0.037799       0.001862
       8.320000      -0.109610       0.001746
       8.340000      -0.164129       0.001703
       8.360000      -0.189498       0.001687
       8.380000      -0.204323       0.001677
       8.400000      -0.208594       0.001677
       8.420000      -0.208857       0.001680
       8.440000      -0.209428       0.001681
       8.460000      -0.201502       0.001691
       8.480000      -0.193436       0.001701
       8.500000      -0.178482       0.001718
       8.520000      -0.156060       0.001742
       8.540000      -0.127693       0.001772
       8.559999      -0.081201       0.001814
       8.580000      -0.005165       0.001879
       8.599999       0.138373       0.001997
       8.620000       0.459453       0.002233
       8.639999       1.385727       0.002806
       8.660000       2.894961       0.003549
       8.679999       0.934441       0.002553
       8.700000       0.204643       0.002063
       8.720000       0.008336       0.001910
       8.740000      -0.061643       0.001855
       8.760000      -0.092712       0.001831
       8.780000      -0.090893       0.001834
       8.800000      -0.061487       0.001863
       8.820000       0.003341       0.001919
       8.840000       0.143753       0.002034
       8.860000       0.517644       0.002315
       8.880000       1.611185       0.002983
       8.900000       1.243565       0.002783
       8.920000       0.195620       0.002092
       8.940000      -0.034070       0.001909
       8.960000      -0.120153       0.001836
       8.980000      -0.165526       0.001798
       9.000000      -0.186546       0.001783
       9.020000      -0.202364       0.001773
       9.040000      -0.209413       0.001770
       9.059999      -0.213421       0.001768
       9.080000      -0.216318       0.001769
       9.099999      -0.214303       0.001773
       9.120000      -0.217162       0.001774
       9.139999      -0.214184       0.001778
       9.160000      -0.210500       0.001785
       9.179999      -0.202675       0.001796
       9.200000      -0.183943       0.001817
       9.220000      -0.147331       0.001849
       9.240000      -0.047821       0.001941
       9.260000       0.061756       0.002036
       9.280000      -0.121351       0.001877
       9.300000      -0.182835       0.001822
       9.320000      -0.199492       0.001810
       9.340000      -0.202303       0.001815
       9.360000      -0.197291       0.001823
       9.380000      -0.191344       0.001833
       9.400000      -0.170980       0.001856
       9.420000      -0.136119       0.001891
       9.440000      -0.050538       0.001970
       9.460000       0.196142       0.002183
       9.480000       0.226625       0.002210
       9.500000      -0.087801       0.001946
       9.520000      -0.164657       0.001877
       9.540000      -0.193470       0.001853
       9.559999      -0.202411       0.001846
       9.580000      -0.207949       0.001842
       9.599999      -0.204644       0.001847
       9.620000      -0.206587       0.001849
       9.639999      -0.200602       0.001857
       9.660000      -0.193676       0.001868
       9.679999      -0.180624       0.001880
       9.700000      -0.165899       0.001897
       9.719999      -0.136784       0.001925
       9.740000      -0.095082       0.001966
       9.760000      -0.012234       0.002042
       9.780000       0.156938       0.002194
       9.800000       0.609847       0.002549
       9.820000       1.179911       0.002941
       9.840000       0.365129       0.002377
       9.860000       0.024733       0.002097
       9.880000      -0.071592       0.002015
       9.900000      -0.107377       0.001984
       9.920000      -0.114253       0.001981
       9.940000      -0.099956       0.001997
       9.960000      -0.054076       0.002042
       9.980000       0.049167       0.002139
      10.000000       0.333237       0.002380
      10.020000       0.792425       0.002728
      10.040000       0.274848       0.002342
      10.059999      -0.030632       0.002079
      10.080000      -0.115287       0.002003
      10.099999      -0.152785       0.001968
      10.120000      -0.170310       0.001951
      10.139999      -0.182956       0.001940
      10.160000      -0.187178       0.001934
      10.179999      -0.188248       0.001935
      10.200000      -0.187690       0.001940
      10.219999      -0.181610       0.001949
      10.240000      -0.169640       0.001969
      10.260000      -0.150217       0.001993
      10.280000      -0.111118       0.002033
      10.300000      -0.052025       0.002095
      10.320000       0.092194       0.002229
      10.340000       0.441507       0.002523
      10.360000       0.398957       0.002492
      10.380000       0.012711       0.002164
      10.400000      -0.081110       0.002081
      10.420000      -0.106519       0.002058
      10.440000      -0.104192       0.002064
      10.460000      -0.081798       0.002090
      10.480000      -0.030111       0.002142
      10.500000       0.083888       0.002249
      10.520000       0.366390       0.002492
      10.540000       0.828950       0.002843
      10.559999       0.354145       0.002479
      10.580000       0.013310       0.002183
      10.599999      -0.090312       0.002086
      10.620000      -0.137220       0.002044
      10.639999      -0.159080       0.002027
      10.660000      -0.164099       0.002026
      10.679999      -0.167662       0.002028
      10.700000      -0.167828       0.002034
      10.719999      -0.165659       0.002040
      10.740000      -0.158793       0.002049
      10.760000      -0.146043       0.002062
      10.780000      -0.125055       0.002087
      10.800000      -0.075834       0.002138
      10.820000       0.017476       0.002234
      10.840000       0.258435       0.002456
      10.860000       0.379606       0.002563
      10.880000       0.042460       0.002267
      10.900000      -0.077509       0.002153
      10.920000      -0.112183       0.002119
      10.940000      -0.120337       0.002114
      10.960000      -0.109280       0.002129
      10.980000      -0.078630       0.002161
      11.000000      -0.002779       0.002238
      11.020000       0.187482       0.002419
      11.040000       0.371670       0.002584
      11.059999       0.079510       0.002325
      11.080000      -0.072763       0.002183
      11.099999      -0.122391       0.002133
      11.120000      -0.141933       0.002115
      11.139999      -0.149713       0.002110
      11.160000      -0.154102       0.002110
      11.179999      -0.154925       0.002110
      11.200000      -0.151286       0.002117
      11.219999      -0.148318       0.002123
      11.240000      -0.136573       0.002139
      11.259999      -0.110560       0.002167
      11.280000      -0.074983       0.002205
      11.300000       0.002115       0.002282
      11.320000       0.176992       0.002450
      11.340000       0.324296       0.002580
      11.360000       0.071843       0.002350
      11.380000      -0.048574       0.002231
      11.400000      -0.081058       0.002203
      11.420000      -0.080465       0.002210
      11.440000      -0.054720       0.002244
      11.460000       0.001486       0.002307
      11.480000       0.132276       0.002435
      11.500000       0.407684       0.002683
      11.520000       0.477145       0.002747
      11.540000       0.108746       0.002421
      11.559999      -0.029614       0.002287
      11.580000      -0.079087       0.002239
      11.599999      -0.094169       0.002230
      11.620000      -0.096160       0.002230
      11.639999      -0.094337       0.002233
      11.660000      -0.086027       0.002247
      11.679999      -0.068417       0.002266
      11.700000      -0.045301       0.002290
      11.719999       0.007591       0.002347
      11.740000       0.100039       0.002443
      11.759999       0.270899       0.002604
      11.780000       0.653926       0.002935
      11.800000       1.090256       0.003272
      11.820000       0.544193       0.002849
      11.840000       0.155293       0.002508
      11.860000       0.031558       0.002390
      11.880000      -0.005717       0.002356
      11.900000      -0.004809       0.002358
      11.920000       0.028950       0.002396
      11.940000       0.142142       0.002505
      11.960000       0.379254       0.002725
      11.980000       0.323115       0.002678
      12.000000       0.041092       0.002417
      12.020000      -0.058539       0.002319
      12.040000      -0.098584       0.002278
      12.059999      -0.125484       0.002252
      12.080000      -0.133876       0.002243
      12.099999      -0.143202       0.002232
      12.120000      -0.153303       0.002222
      12.139999      -0.155264       0.002222
      12.160000      -0.160744       0.002221
      12.179999      -0.158790       0.002228
      12.200000      -0.159451       0.002231
      12.219999      -0.152274       0.002243
      12.240000      -0.154110       0.002243
      12.259999      -0.153631       0.002246
      12.280000      -0.149747       0.002251
      12.300000      -0.142451       0.002262
      12.320000      -0.136433       0.002273
      12.340000      -0.115893       0.002297
      12.360000      -0.079159       0.002338
      12.380000      -0.006087       0.002418
      12.400000       0.131860       0.002558
      12.420000       0.093393       0.002522
      12.440000      -0.056097       0.002370
      12.460000      -0.110806       0.002314
      12.480000      -0.126329       0.002295
      12.500000      -0.132466       0.002291
      12.520000      -0.132333       0.002295
      12.540000      -0.132603       0.002299
      12.559999      -0.117787       0.002317
      12.580000      -0.099296       0.002341
      12.599999      -0.069471       0.002376
      12.620000      -0.013647       0.002440
      12.639999       0.088700       0.002544
      12.660000       0.296595       0.002748
      12.679999       0.400100       0.002846
      12.700000       0.126607       0.002587
      12.719999      -0.017730       0.002444
      12.740000      -0.060911       0.002398
      12.759999      -0.069909       0.002387
      12.780000      -0.062222       0.002398
      12.799999      -0.017687       0.002447
      12.820000       0.080803       0.002552
      12.840000       0.094713       0.002570
      12.860000      -0.037585       0.002438
      12.880000      -0.097925       0.002374
      12.900000      -0.118829       0.002353
      12.920000      -0.133511       0.002342
      12.940000      -0.138211       0.002337
      12.960000      -0.137795       0.002340
      12.980000      -0.136474       0.002343
      13.000000      -0.130805       0.002352
      13.020000      -0.121427       0.002367
      13.040000      -0.104958       0.002387
      13.059999      -0.076395       0.002423
      13.080000      -0.023985       0.002479
      13.099999      -0.016307       0.002486
      13.120000      -0.064683       0.002436
      13.139999      -0.071574       0.002429
      13.160000      -0.053643       0.002453
      13.179999      -0.007448       0.002505
      13.200000       0.063750       0.002586
      13.219999       0.232644       0.002762
      13.240000       0.437119       0.002956
      13.259999       0.270032       0.002801
      13.280000       0.048467       0.002580
      13.299999      -0.031890       0.002494
      13.320000      -0.063217       0.002461
      13.340000      -0.080971       0.002445
      13.360000      -0.083054       0.002446
      13.380000      -0.079575       0.002450
      13.400000      -0.066352       0.002466
      13.420000      -0.043153       0.002492
      13.440000       0.000101       0.002540
      13.460000       0.086093       0.002633
      13.480000       0.240927       0.002794
      13.500000       0.288051       0.002844
      13.520000       0.100097       0.002656
      13.540000       0.001879       0.002555
      13.559999      -0.023975       0.002532
      13.580000      -0.014773       0.002542
      13.599999       0.017987       0.002582
      13.620000       0.102295       0.002674
      13.639999       0.191087       0.002767
      13.660000       0.092319       0.002666
      13.679999      -0.020132       0.002547
      13.700000      -0.063736       0.002501
      13.719999      -0.080446       0.002486
      13.740000      -0.084968       0.002480
      13.759999      -0.089604       0.002476
      13.780000      -0.087233       0.002481
      13.799999      -0.080304       0.002491
      13.820000      -0.061488       0.002514
      13.840000      -0.032453       0.002550
      13.860000       0.033056       0.002626
      13.880000       0.118586       0.002719
      13.900000       0.069381       0.002669
      13.920000      -0.011212       0.002585
      13.940000      -0.043041       0.002551
      13.960000      -0.042978       0.002553
      13.980000      -0.028574       0.002573
      14.000000       0.019388       0.002630
      14.020000       0.088854       0.002707
      14.040000       0.074592       0.002692
      14.059999      -0.012740       0.002597
      14.080000      -0.052197       0.002554
      14.099999      -0.060661       0.002547
      14.120000      -0.065034       0.002544
      14.139999      -0.054383       0.002558
      14.160000      -0.043226       0.002576
      14.179999      -0.025263       0.002599
      14.200000       0.010142       0.002639
      14.219999       0.081198       0.002721
      14.240000       0.209085       0.002859
      14.259999       0.372581       0.003028
      14.280000       0.293617       0.002951
      14.299999       0.106093       0.002758
      14.320000       0.031276       0.002679
      14.340000       0.017246       0.002662
      14.360000       0.044665       0.002693
      14.380000       0.109559       0.002765
      14.400000       0.206272       0.002871
      14.420000       0.146729       0.002814
      14.440000       0.019930       0.002676
      14.460000      -0.037070       0.002616
      14.480000      -0.061772       0.002589
      14.500000      -0.071068       0.002577
      14.520000      -0.078283       0.002570
      14.540000      -0.079086       0.002567
      14.559999      -0.071924       0.002579
      14.580000      -0.061421       0.002595
      14.599999      -0.037737       0.002627
      14.620000       0.010517       0.002684
      14.639999       0.029567       0.002706
      14.660000      -0.024350       0.002642
      14.679999      -0.066166       0.002590
      14.700000      -0.078007       0.002580
      14.719999      -0.082790       0.002579
      14.740000      -0.071450       0.002598
      14.759999      -0.047278       0.002628
      14.780000      -0.041373       0.002640
      14.799999      -0.074122       0.002607
      14.820000      -0.089968       0.002586
      14.839999      -0.090555       0.002589
      14.860000      -0.090852       0.002590
      14.880000      -0.086422       0.002594
      14.900000      -0.077498       0.002609
      14.920000      -0.059464       0.002634
      14.940000      -0.029648       0.002670
      14.960000       0.013801       0.002724
      14.980000       0.096186       0.002819
      15.000000       0.148938       0.002881
      15.020000       0.067674       0.002793
      15.040000       0.002052       0.002719
      15.059999      -0.004156       0.002711
      15.080000       0.019420       0.002740
      15.099999       0.071726       0.002802
      15.120000       0.167711       0.002914
      15.139999       0.164393       0.002915
      15.160000       0.045076       0.002785
      15.179999      -0.024082       0.002707
      15.200000      -0.054547       0.002674
      15.219999      -0.067371       0.002658
      15.240000      -0.072239       0.002650
      15.259999      -0.069248       0.002657
      15.280000      -0.064986       0.002665
      15.299999      -0.050755       0.002682
      15.320000      -0.023868       0.002720
      15.339999       0.015182       0.002770
      15.360000       0.015740       0.002772
      15.380000      -0.017001       0.002734
      15.400000      -0.032155       0.002719
      15.420000      -0.012709       0.002745
      15.440000       0.021856       0.002787
      15.460000       0.092930       0.002873
      15.480000       0.150551       0.002944
      15.500000       0.080038       0.002863
      15.520000      -0.003930       0.002765
      15.540000      -0.046363       0.002717
      15.559999      -0.063000       0.002701
      15.580000      -0.061946       0.002703
      15.599999      -0.055687       0.002713
      15.620000      -0.049217       0.002725
      15.639999      -0.034055       0.002748
      15.660000       0.004075       0.002795
      15.679999       0.062352       0.002866
      15.700000       0.083749       0.002892
      15.719999       0.018371       0.002818
      15.740000      -0.029343       0.002766
      15.759999      -0.045988       0.002746
      15.780000      -0.045788       0.002752
      15.799999      -0.022126       0.002780
      15.820000      -0.008351       0.002800
      15.839999      -0.031325       0.002773
      15.860000      -0.063240       0.002734
      15.880000      -0.081715       0.002715
      15.900000      -0.086875       0.002713
      15.920000      -0.088546       0.002714
      15.940000      -0.087054       0.002718
      15.960000      -0.090400       0.002715
      15.980000      -0.083804       0.002724
      16.000000      -0.072338       0.002744
      16.020000      -0.058299       0.002764
      16.039999      -0.052780       0.002771
      16.059999      -0.053033       0.002773
      16.080000      -0.052266       0.002779
      16.100000      -0.033256       0.002803
      16.119999      -0.004647       0.002840
      16.139999       0.044907       0.002902
      16.160000       0.075438       0.002943
      16.180000       0.028424       0.002888
      16.199999      -0.019072       0.002832
      16.219999      -0.033959       0.002811
      16.240000      -0.037510       0.002812
      16.260000      -0.031012       0.002822
      16.279999      -0.020629       0.002840
      16.299999       0.007711       0.002875
      16.320000       0.047915       0.002924
      16.340000       0.118327       0.003008
      16.359999       0.183532       0.003089
      16.379999       0.144186       0.003042
      16.400000       0.059245       0.002947
      16.420000       0.028369       0.002912
      16.440001       0.025979       0.002913
      16.459999       0.051886       0.002950
      16.480000       0.081069       0.002986
      16.500000       0.058575       0.002959
      16.520000       0.006400       0.002898
      16.539999      -0.022081       0.002865
      16.559999      -0.036138       0.002850
      16.580000      -0.043700       0.002844
      16.600000      -0.041306       0.002849
      16.619999      -0.038552       0.002853
      16.639999      -0.028877       0.002867
      16.660000      -0.010100       0.002897
      16.680000       0.007613       0.002924
      16.699999       0.008644       0.002925
      16.719999      -0.007356       0.002911
      16.740000      -0.015497       0.002902
      16.760000      -0.006569       0.002916
      16.779999       0.012987       0.002938
      16.799999       0.034629       0.002968
      16.820000       0.034380       0.002969
      16.840000       0.000068       0.002927
      16.859999      -0.017085       0.002909
      16.879999      -0.017229       0.002914
      16.900000      -0.015722       0.002915
      16.920000      -0.003792       0.002935
      16.940001       0.017353       0.002962
      16.959999       0.051312       0.003006
      16.980000       0.111145       0.003081
      17.000000       0.176906       0.003166
      17.020000       0.150254       0.003140
      17.039999       0.079378       0.003060
      17.059999       0.041017       0.003012
      17.080000       0.039583       0.003013
      17.100000       0.052820       0.003032
      17.119999       0.078046       0.003063
      17.139999       0.050910       0.003033
      17.160000       0.009486       0.002984
      17.180000      -0.014349       0.002960
      17.199999      -0.025366       0.002947
      17.219999      -0.022411       0.002953
      17.240000      -0.018169       0.002960
      17.260000      -0.009079       0.002975
      17.279999       0.007067       0.002997
      17.299999       0.034327       0.003034
      17.320000       0.052224       0.003059
      17.340000       0.030990       0.003034
      17.359999       0.004462       0.003001
      17.379999       0.001250       0.003001
      17.400000       0.020830       0.003025
      17.420000       0.043027       0.003057
      17.440001       0.048534       0.003069
      17.459999       0.010495       0.003028
      17.480000      -0.020310       0.002989
      17.500000      -0.036532       0.002968
      17.520000      -0.048776       0.002957
      17.539999      -0.052409       0.002953
      17.559999      -0.055603       0.002949
      17.580000      -0.048969       0.002961
      17.600000      -0.034111       0.002986
      17.619999      -0.027803       0.003000
      17.639999      -0.030792       0.002998
      17.660000      -0.047377       0.002979
      17.680000      -0.048648       0.002977
      17.699999      -0.054490       0.002977
      17.719999      -0.041862       0.002995
      17.740000      -0.035993       0.003005
      17.760000      -0.050532       0.002993
      17.779999      -0.062242       0.002973
      17.799999      -0.071259       0.002960
      17.820000      -0.077287       0.002954
      17.840000      -0.078426       0.002952
      17.859999      -0.073614       0.002961
      17.879999      -0.072475       0.002964
      17.900000      -0.071636       0.002969
      17.920000      -0.068985       0.002977
      17.940001      -0.063667       0.002988
      17.959999      -0.051844       0.003007
      17.980000      -0.036127       0.003036
      18.000000      -0.023918       0.003056
      18.020000       0.000798       0.003093
      18.039999       0.015067       0.003112
      18.059999       0.001594       0.003097
      18.080000      -0.024701       0.003062
      18.100000      -0.028257       0.003063
      18.119999      -0.026735       0.003069
      18.139999      -0.014214       0.003088
      18.160000      -0.002180       0.003108
      18.180000       0.020772       0.003138
      18.199999       0.059213       0.003190
      18.219999       0.092680       0.003237
      18.240000       0.076931       0.003226
      18.260000       0.044719       0.003182
      18.279999       0.030675       0.003166
      18.299999       0.043625       0.003185
      18.320000       0.062448       0.003212
      18.340000       0.062118       0.003213
      18.359999       0.027574       0.003171
      18.379999      -0.010307       0.003125
      18.400000      -0.024057       0.003108
      18.420000      -0.032263       0.003098
      18.440001      -0.035553       0.003099
      18.459999      -0.039435       0.003099
      18.480000      -0.037728       0.003100
      18.500000      -0.031226       0.003111
      18.520000      -0.032130       0.003116
      18.539999      -0.032472       0.003117
      18.559999      -0.026623       0.003128
      18.580000      -0.015844       0.003144
      18.600000       0.001374       0.003170
      18.619999       0.010997       0.003187
      18.639999       0.003281       0.003182
      18.660000      -0.016849       0.003163
      18.680000      -0.025837       0.003147
      18.699999      -0.019143       0.003159
      18.719999      -0.013028       0.003168
      18.740000      -0.004485       0.003184
      18.760000       0.016665       0.003215
      18.779999       0.044503       0.003253
      18.799999       0.062619       0.003281
      18.820000       0.043498       0.003263
      18.840000       0.014746       0.003225
      18.859999       0.000399       0.003208
      18.879999      -0.008571       0.003200
      18.900000      -0.007095       0.003205
      18.920000      -0.005679       0.003203
      18.939999      -0.017726       0.003189
      18.959999      -0.027866       0.003179
      18.980000      -0.028622       0.003180
      19.000000      -0.028803       0.003189
      19.020000      -0.022728       0.003196
      19.039999      -0.010683       0.003217
      19.059999       0.005394       0.003239
      19.080000       0.013408       0.003251
      19.100000       0.010564       0.003249
      19.119999      -0.002481       0.003236
      19.139999      -0.006199       0.003231
      19.160000       0.008843       0.003255
      19.180000       0.018363       0.003275
      19.199999       0.022356       0.003283
      19.219999       0.005628       0.003264
      19.240000      -0.010589       0.003245
      19.260000      -0.016763       0.003234
      19.279999      -0.019234       0.003232
      19.299999      -0.015720       0.003241
      19.320000      -0.009996       0.003255
      19.340000       0.006216       0.003285
      19.359999       0.014799       0.003301
      19.379999       0.007697       0.003287
      19.400000       0.000382       0.003277
      19.420000      -0.003592       0.003278
      19.439999      -0.004249       0.003278
      19.459999       0.001040       0.003287
      19.480000       0.000417       0.003290
      19.500000      -0.008622       0.003278
      19.520000      -0.016949       0.003273
      19.539999      -0.020223       0.003271
      19.559999      -0.015787       0.003284
      19.580000      -0.012605       0.003292
      19.600000      -0.005172       0.003304
      19.619999       0.000123       0.003316
      19.639999       0.006254       0.003323
      19.660000       0.004744       0.003319
      19.680000      -0.003108       0.003308
      19.699999      -0.001854       0.003315
      19.719999       0.006670       0.003330
      19.740000       0.018718       0.003347
      19.760000       0.007186       0.003332
      19.779999       0.000461       0.003331
      19.799999       0.000048       0.003332
      19.820000       0.000988       0.003340
      19.840000       0.013424       0.003366
      19.859999       0.032222       0.003400
      19.879999       0.056525       0.003437
      19.900000       0.070760       0.003456
      19.920000       0.068938       0.003454
      19.939999       0.052900       0.003426
      19.959999       0.041123       0.003405
      19.980000       0.040346       0.003407
      20.000000       0.048781       0.003428
      20.020000       0.047765       0.003433
      20.039999       0.031177       0.003419
      20.059999       0.007029       0.003390
      20.080000      -0.003535       0.003377
      20.100000      -0.008951       0.003370
      20.119999      -0.009333       0.003370
      20.139999      -0.008139       0.003378
      20.160000      -0.012808       0.003373
      20.180000      -0.010374       0.003377
      20.199999      -0.013284       0.003381
      20.219999      -0.020644       0.003371
      20.240000      -0.018733       0.003376
      20.260000      -0.010081       0.003389
      20.279999      -0.010971       0.003393
      20.299999      -0.016900       0.003390
      20.320000      -0.020323       0.003382
      20.340000      -0.023362       0.003377
      20.359999      -0.027147       0.003372
      20.379999      -0.029053       0.003368
      20.400000      -0.022714       0.003382
      20.420000      -0.012743       0.003403
      20.439999      -0.000051       0.003428
      20.459999      -0.003227       0.003433
      20.480000      -0.008674       0.003427
      20.500000      -0.006079       0.003430
      20.520000      -0.000381       0.003441
      20.539999       0.003804       0.003447
      20.559999      -0.005278       0.003436
      20.580000      -0.023417       0.003415
      20.600000      -0.030626       0.003408
      20.619999      -0.032331       0.003406
      20.639999      -0.033191       0.003408
      20.660000      -0.031971       0.003413
      20.680000      -0.028246       0.003420
      20.699999      -0.025476       0.003428
      20.719999      -0.025273       0.003434
      20.740000      -0.025954       0.003441
      20.760000      -0.025801       0.003440
      20.779999      -0.021036       0.003447
      20.799999      -0.020753       0.003452
      20.820000      -0.027306       0.003443
      20.840000      -0.034690       0.003438
      20.859999      -0.035828       0.003439
      20.879999      -0.037424       0.003440
      20.900000      -0.033469       0.003448
      20.920000      -0.029865       0.003454
      20.939999      -0.024744       0.003464
      20.959999      -0.019298       0.003478
      20.980000      -0.019755       0.003483
      21.000000      -0.022599       0.003479
      21.020000      -0.023512       0.003477
      21.039999      -0.023731       0.003481
      21.059999      -0.018721       0.003487
      21.080000      -0.026563       0.003483
      21.100000      -0.027775       0.003487
      21.119999      -0.023758       0.003493
      21.139999      -0.022006       0.003501
      21.160000      -0.019096       0.003506
      21.180000      -0.018960       0.003514
      21.199999      -0.012787       0.003524
      21.219999      -0.008918       0.003531
      21.240000      -0.002963       0.003542
      21.260000      -0.009161       0.003538
      21.279999      -0.001072       0.003547
      21.299999       0.002394       0.003551
      21.320000      -0.002922       0.003546
      21.340000      -0.003906       0.003546
      21.359999      -0.007215       0.003547
      21.379999      -0.004968       0.003559
      21.400000       0.002916       0.003576
      21.420000       0.010912       0.003587
      21.439999       0.019285       0.003604
      21.459999       0.025824       0.003617
      21.480000       0.023880       0.003614
      21.500000       0.015539       0.003608
      21.520000       0.010273       0.003604
      21.539999       0.009810       0.003607
      21.559999       0.007100       0.003605
      21.580000       0.004896       0.003605
      21.600000      -0.005003       0.003588
      21.619999      -0.010331       0.003576
      21.639999      -0.012001       0.003582
      21.660000      -0.010110       0.003595
      21.680000      -0.005525       0.003604
      21.699999      -0.002354       0.003614
      21.719999      -0.001259       0.003614
      21.740000      -0.001152       0.003612
      21.760000      -0.003223       0.003613
      21.779999      -0.000244       0.003624
      21.799999      -0.000281       0.003632
      21.820000       0.000951       0.003635
      21.840000      -0.001117       0.003628
      21.859999      -0.002019       0.003629
      21.879999      -0.000302       0.003634
      21.900000       0.002963       0.003642
      21.920000       0.011720       0.003656
      21.939999       0.020422       0.003676
      21.959999       0.030496       0.003698
      21.980000       0.022021       0.003690
      22.000000       0.012090       0.003678
      22.020000       0.011195       0.003677
      22.039999       0.008652       0.003674
      22.059999       0.004362       0.003676
      22.080000      -0.002732       0.003668
      22.100000      -0.006762       0.003662
      22.119999      -0.011502       0.003659
      22.139999      -0.011681       0.003657
      22.160000      -0.010692       0.003664
      22.180000      -0.006827       0.003670
      22.199999      -0.008489       0.003668
      22.219999      -0.006193       0.003677
      22.240000      -0.001626       0.003688
      22.260000       0.008076       0.003704
      22.279999       0.008313       0.003708
      22.299999       0.008579       0.003707
      22.320000       0.011503       0.003714
      22.340000       0.004466       0.003711
      22.359999       0.002678       0.003716
      22.379999       0.004679       0.003720
      22.400000       0.007149       0.003728
      22.420000       0.010638       0.003738
      22.439999       0.009407       0.003736
      22.459999       0.007987       0.003736
      22.480000       0.003199       0.003732
      22.500000       0.000024       0.003729
      22.519999      -0.002150       0.003727
      22.539999      -0.006852       0.003722
      22.559999      -0.007859       0.003724
      22.580000      -0.011416       0.003731
      22.600000      -0.013267       0.003730
      22.619999      -0.013050       0.003731
      22.639999      -0.013004       0.003729
      22.660000      -0.012236       0.003727
      22.680000      -0.010568       0.003734
      22.699999      -0.012948       0.003733
      22.719999      -0.012093       0.003740
      22.740000      -0.004689       0.003757
      22.760000      -0.005229       0.003758
      22.779999      -0.002243       0.003761
      22.799999      -0.007691       0.003753
      22.820000      -0.013496       0.003751
      22.840000      -0.017193       0.003752
      22.859999      -0.009491       0.003770
      22.879999       0.002648       0.003788
      22.900000       0.006380       0.003795
      22.920000       0.008727       0.003806
      22.939999       0.003594       0.003794
      22.959999       0.002908       0.003790
      22.980000      -0.002359       0.003788
      23.000000       0.001813       0.003799
      23.019999      -0.001398       0.003795
      23.039999      -0.009163       0.003794
      23.059999      -0.016940       0.003786
      23.080000      -0.018378       0.003783
      23.100000      -0.018456       0.003791
      23.119999      -0.019434       0.003792
      23.139999      -0.019546       0.003799
      23.160000      -0.017546       0.003801
      23.180000      -0.021006       0.003795
      23.199999      -0.020906       0.003801
      23.219999      -0.025905       0.003793
      23.240000      -0.027824       0.003792
      23.260000      -0.027590       0.003793
      23.279999      -0.021891       0.003799
      23.299999      -0.020753       0.003807
      23.320000      -0.019879       0.003814
      23.340000      -0.014212       0.003833
      23.359999      -0.014399       0.003835
      23.379999      -0.011652       0.003852
      23.400000      -0.010990       0.003849
      23.420000      -0.007658       0.003858
      23.439999      -0.006422       0.003863
      23.459999      -0.003316       0.003864
      23.480000      -0.004967       0.003861
      23.500000      -0.014567       0.003853
      23.519999      -0.015993       0.003850
      23.539999      -0.014383       0.003857
      23.559999      -0.011076       0.003866
      23.580000      -0.010097       0.003868
      23.600000      -0.001414       0.003888
      23.619999      -0.007145       0.003883
      23.639999      -0.007449       0.003893
      23.660000      -0.000404       0.003903
      23.680000      -0.003748       0.003900
      23.699999      -0.008330       0.003895
      23.719999      -0.012189       0.003885
      23.740000      -0.011829       0.003885
      23.760000      -0.016110       0.003884
      23.779999      -0.020732       0.003884
      23.799999      -0.015931       0.003898
      23.820000      -0.012010       0.003907
      23.840000      -0.008674       0.003912
      23.859999      -0.012041       0.003908
      23.879999      -0.018301       0.003903
      23.900000      -0.021670       0.003907
      23.920000      -0.022768       0.003902
      23.939999      -0.015750       0.003920
      23.959999      -0.010450       0.003932
      23.980000      -0.010343       0.003937
      24.000000      -0.014097       0.003929
      24.019999      -0.009988       0.003937
      24.039999      -0.016615       0.003934
      24.059999      -0.013926       0.003937
      24.080000      -0.011878       0.003947
      24.100000      -0.011210       0.003951
      24.119999      -0.010906       0.003956
      24.139999      -0.006929       0.003965
      24.160000      -0.014206       0.003955
      24.180000      -0.010349       0.003958
      24.199999      -0.015208       0.003961
      24.219999      -0.006568       0.003976
      24.240000      -0.006270       0.003987
      24.260000       0.004586       0.004003
      24.279999      -0.002796       0.003997
      24.299999       0.000923       0.003998
      24.320000      -0.002186       0.003995
      24.340000      -0.000468       0.004001
      24.359999      -0.005724       0.003990
      24.379999      -0.008481       0.003994
      24.400000      -0.009489       0.003999
      24.420000      -0.008134       0.004004
      24.439999      -0.006275       0.004012
      24.459999      -0.006388       0.004016
      24.480000      -0.013895       0.004009
      24.500000      -0.011570       0.004005
      24.519999      -0.008182       0.004020
      24.539999      -0.001182       0.004034
      24.559999      -0.001182       0.004038
      24.580000       0.005939       0.004054
      24.600000       0.000498       0.004048
      24.619999       0.004365       0.004046
      24.639999      -0.004150       0.004036
      24.660000      -0.002802       0.004045
      24.680000       0.000094       0.004053
      24.699999       0.005634       0.004069
      24.719999       0.009629       0.004084
      24.740000       0.014038       0.004095
      24.760000       0.010230       0.004094
      24.779999       0.014447       0.004101
      24.799999       0.018441       0.004122
      24.820000       0.013387       0.004112
      24.840000       0.004512       0.004099
      24.859999       0.006404       0.004112
      24.879999       0.008019       0.004109
      24.900000       0.006370       0.004106
      24.920000       0.003022       0.004099
      24.939999       0.004599       0.004098
      24.959999       0.003124       0.004101
      24.980000       0.004776       0.004109
      25.000000       0.004459       0.004119
      25.019999       0.009196       0.004126
      25.039999       0.002692       0.004125
      25.059999       0.005308       0.004124
      25.080000      -0.003396       0.004109
      25.100000       0.000087       0.004117
      25.119999       0.007014       0.004137
      25.139999      -0.000996       0.004127
      25.160000       0.000177       0.004131
      25.180000       0.003850       0.004134
      25.199999      -0.000566       0.004136
      25.219999      -0.009313       0.004129
      25.240000      -0.002146       0.004141
      25.260000       0.002049       0.004151
      25.279999      -0.006435       0.004140
      25.299999      -0.006149       0.004144
      25.320000      -0.008302       0.004145
      25.340000      -0.010850       0.004143
      25.359999      -0.009101       0.004144
      25.379999      -0.002934       0.004161
      25.400000      -0.004999       0.004159
      25.420000      -0.008967       0.004159
      25.439999      -0.006753       0.004159
      25.459999      -0.006429       0.004161
      25.480000      -0.010220       0.004150
      25.500000      -0.005182       0.004166
      25.519999      -0.004824       0.004166
      25.539999      -0.006336       0.004182
      25.559999       0.005264       0.004203
      25.580000      -0.004641       0.004195
      25.599998      -0.003763       0.004197
      25.619999      -0.003233       0.004194
      25.639999      -0.008105       0.004187
      25.660000      -0.008310       0.004195
      25.680000      -0.013748       0.004190
      25.699999      -0.013197       0.004193
      25.719999      -0.016283       0.004187
      25.740000      -0.016112       0.004197
      25.760000      -0.009708       0.004200
      25.779999      -0.015007       0.004189
      25.799999      -0.016609       0.004200
      25.820000      -0.025797       0.004190
      25.840000      -0.017525       0.004210
      25.859999      -0.011952       0.004221
      25.879999      -0.014731       0.004225
      25.900000      -0.010794       0.004231
      25.920000      -0.012261       0.004228
      25.939999      -0.008620       0.004245
      25.959999      -0.015069       0.004235
      25.980000      -0.008834       0.004242
      26.000000      -0.010525       0.004243
      26.019999      -0.010734       0.004242
      26.039999      -0.012472       0.004244
      26.059999      -0.014211       0.004254
      26.080000      -0.016143       0.004247
      26.099998      -0.014254       0.004260
      26.119999      -0.023132       0.004247
      26.139999      -0.015505       0.004246
      26.160000      -0.013293       0.004254
      26.180000      -0.013177       0.004259
      26.199999      -0.019093       0.004260
      26.219999      -0.016028       0.004278
      26.240000      -0.011799       0.004277
      26.260000      -0.020911       0.004264
      26.279999      -0.017591       0.004264
      26.299999      -0.020059       0.004267
      26.320000      -0.018044       0.004281
      26.340000      -0.015586       0.004291
      26.359999      -0.021344       0.004297
      26.379999      -0.007718       0.004312
      26.400000      -0.018061       0.004303
      26.420000      -0.015519       0.004303
      26.439999      -0.006053       0.004327
      26.459999      -0.011382       0.004318
      26.480000      -0.012416       0.004332
      26.500000      -0.003950       0.004345
      26.519999      -0.007252       0.004340
      26.539999      -0.015497       0.004310
      26.559999      -0.017489       0.004307
      26.580000      -0.010654       0.004320
      26.599998      -0.006922       0.004335
      26.619999      -0.002663       0.004353
      26.639999      -0.000549       0.004365
      26.660000      -0.001505       0.004367
      26.680000       0.004108       0.004381
      26.699999      -0.000325       0.004369
      26.719999      -0.003070       0.004365
      26.740000      -0.004201       0.004371
      26.760000      -0.003119       0.004375
      26.779999       0.003880       0.004393
      26.799999       0.001883       0.004393
      26.820000       0.002550       0.004389
      26.840000       0.000619       0.004388
      26.859999      -0.000680       0.004391
      26.879999      -0.003881       0.004384
      26.900000      -0.005118       0.004396
      26.920000      -0.002518       0.004400
      26.939999      -0.008135       0.004395
      26.959999      -0.005537       0.004401
      26.980000      -0.007578       0.004403
      27.000000      -0.004334       0.004410
      27.019999      -0.001999       0.004412
      27.039999      -0.003353       0.004415
      27.059999      -0.010825       0.004407
      27.080000      -0.006902       0.004416
      27.099998      -0.007050       0.004426
      27.119999       0.000441       0.004437
      27.139999      -0.003261       0.004438
      27.160000      -0.000569       0.004446
      27.180000       0.005894       0.004459
      27.199999       0.000973       0.004461
      27.219999       0.000263       0.004464
      27.240000       0.003044       0.004472
      27.260000       0.000635       0.004466
      27.279999      -0.003513       0.004461
      27.299999      -0.004026       0.004461
      27.320000      -0.002211       0.004463
      27.340000      -0.006644       0.004457
      27.359999      -0.007804       0.004466
      27.379999      -0.002757       0.004474
      27.400000       0.000669       0.004476
      27.420000      -0.003382       0.004474
      27.439999      -0.007622       0.004477
      27.459999      -0.005126       0.004479
      27.480000       0.001915       0.004490
      27.500000      -0.003420       0.004495
      27.519999      -0.004099       0.004493
      27.539999      -0.002957       0.004500
      27.559999       0.000563       0.004513
      27.580000       0.001664       0.004514
      27.599998       0.005666       0.004524
      27.619999       0.002460       0.004526
      27.639999      -0.000262       0.004521
      27.660000      -0.001787       0.004524
      27.680000      -0.001863       0.004528
      27.699999      -0.004784       0.004516
      27.719999      -0.009038       0.004513
      27.740000      -0.008684       0.004521
      27.760000      -0.005903       0.004522
      27.779999      -0.009442       0.004514
      27.799999      -0.003011       0.004533
      27.820000       0.002202       0.004547
      27.840000      -0.004618       0.004542
      27.859999      -0.004797       0.004547
      27.879999       0.004639       0.004568
      27.900000       0.001161       0.004570
      27.920000      -0.001987       0.004570
      27.939999      -0.002852       0.004567
      27.959999      -0.001078       0.004570
      27.980000      -0.000417       0.004569
      28.000000      -0.010511       0.004559
      28.019999      -0.011564       0.004563
      28.039999      -0.002203       0.004577
      28.059999      -0.000135       0.004590
      28.080000       0.003350       0.004603
      28.099998      -0.003938       0.004597
      28.119999       0.004148       0.004609
      28.139999      -0.001629       0.004599
      28.160000      -0.000744       0.004598
      28.180000      -0.003627       0.004603
      28.199999      -0.006358       0.004613
      28.219999      -0.005303       0.004608
      28.240000      -0.002817       0.004615
      28.260000      -0.005565       0.004607
      28.279999      -0.009983       0.004601
      28.299999      -0.008363       0.004603
      28.320000      -0.011935       0.004597
      28.340000      -0.011495       0.004603
      28.359999      -0.003554       0.004625
      28.379999      -0.008547       0.004630
      28.400000      -0.010926       0.004631
      28.420000      -0.004082       0.004644
      28.439999      -0.005243       0.004641
      28.459999      -0.009596       0.004636
      28.480000      -0.013714       0.004637
      28.500000      -0.010980       0.004643
      28.519999      -0.007708       0.004650
      28.539999      -0.012578       0.004646
      28.559999      -0.010211       0.004646
      28.580000      -0.012570       0.004648
      28.599998      -0.013929       0.004651
      28.619999      -0.011369       0.004658
      28.639999      -0.003702       0.004678
      28.660000      -0.003144       0.004686
      28.680000      -0.013811       0.004671
      28.699999      -0.014805       0.004670
      28.719999      -0.006056       0.004695
      28.740000      -0.004612       0.004703
      28.760000      -0.003025       0.004708
      28.779999      -0.004062       0.004706
      28.799999      -0.005287       0.004705
      28.820000      -0.008319       0.004701
      28.840000      -0.013094       0.004697
      28.859999      -0.012816       0.004697
      28.879999      -0.014794       0.004703
      28.900000      -0.013608       0.004712
      28.920000      -0.004369       0.004734
      28.939999      -0.003652       0.004740
      28.959999      -0.006991       0.004732
      28.980000      -0.008702       0.004736
      29.000000      -0.010641       0.004745
      29.019999      -0.012923       0.004731
      29.039999      -0.012831       0.004724
      29.059999      -0.013238       0.004723
      29.080000      -0.014229       0.004730
      29.099998      -0.011335       0.004726
      29.119999      -0.015384       0.004727
      29.139999      -0.005427       0.004750
      29.160000      -0.010902       0.004749
      29.179998      -0.005372       0.004756
      29.199999      -0.001506       0.004772
      29.219999      -0.004707       0.004775
      29.240000      -0.013411       0.004752
      29.260000      -0.015637       0.004758
      29.279999      -0.012697       0.004775
      29.299999      -0.008621       0.004778
      29.320000       0.002174       0.004804
      29.340000      -0.012600       0.004781
      29.359999      -0.003127       0.004800
      29.379999      -0.012509       0.004785
      29.400000      -0.001081       0.004799
      29.420000      -0.009705       0.004798
      29.439999      -0.007073       0.004801
      29.459999      -0.004340       0.004810
      29.480000      -0.002628       0.004829
      29.500000       0.000282       0.004844
      29.519999      -0.003516       0.004835
      29.539999      -0.003524       0.004845
      29.559999      -0.000027       0.004850
      29.580000      -0.001406       0.004846
      29.599998      -0.007664       0.004838
      29.619999      -0.010614       0.004834
      29.639999      -0.006095       0.004844
      29.660000      -0.005842       0.004842
      29.679998       0.001966       0.004859
      29.699999       0.005449       0.004870
      29.719999      -0.002199       0.004865
      29.740000      -0.000422       0.004866
      29.760000      -0.006913       0.004860
      29.779999      -0.002886       0.004866
      29.799999      -0.002311       0.004874
      29.820000      -0.003728       0.004873
      29.840000      -0.004356       0.004887
      29.859999       0.004320       0.004901
      29.879999       0.000566       0.004900
      29.900000       0.003235       0.004916
      29.920000       0.010371       0.004926
      29.939999       0.000703       0.004911
      29.959999       0.003287       0.004914
      29.980000       0.005476       0.004916
      30.000000       0.005898       0.004910
      30.019999       0.002983       0.004914
      30.039999       0.000932       0.004919
      30.059999      -0.009216       0.004902
      30.080000       0.002778       0.004926
      30.099998      -0.008447       0.004904
      30.119999      -0.006702       0.004903
      30.139999       0.003891       0.004935
      30.160000       0.002851       0.004953
      30.179998       0.002317       0.004950
      30.199999       0.002743       0.004960
      30.219999      -0.001488       0.004954
      30.240000       0.006532       0.004964
      30.260000      -0.002477       0.004950
      30.279999      -0.007302       0.004937
      30.299999      -0.006273       0.004937
      30.320000      -0.005432       0.004951
      30.340000      -0.002093       0.004960
      30.359999       0.002061       0.004977
      30.379999       0.002294       0.004986
      30.400000      -0.000065       0.004981
      30.420000       0.000743       0.004986
      30.439999      -0.001075       0.004985
      30.459999       0.005053       0.005002
      30.480000       0.000275       0.005002
      30.500000       0.009996       0.005011
      30.519999       0.006528       0.005003
      30.539999      -0.000774       0.004993
      30.559999       0.000938       0.004990
      30.580000       0.002902       0.004991
      30.599998      -0.005255       0.004994
      30.619999      -0.006890       0.004987
      30.639999      -0.001389       0.005015
      30.660000      -0.000494       0.005023
      30.679998       0.001031       0.005025
      30.699999       0.000775       0.005039
      30.719999      -0.001171       0.005047
      30.740000       0.003185       0.005055
      30.760000       0.000818       0.005053
      30.779999      -0.003839       0.005044
      30.799999      -0.002458       0.005048
      30.820000      -0.007433       0.005041
      30.840000      -0.005937       0.005044
      30.859999      -0.004169       0.005043
      30.879999      -0.008525       0.005035
      30.900000      -0.003435       0.005058
      30.920000      -0.008189       0.005053
      30.939999      -0.008491       0.005058
      30.959999      -0.005993       0.005070
      30.980000      -0.001258       0.005074
      31.000000      -0.005984       0.005076
      31.019999      -0.008834       0.005068
      31.039999      -0.005218       0.005076
      31.059999      -0.002926       0.005086
      31.080000      -0.003664       0.005079
      31.099998      -0.011416       0.005072
      31.119999      -0.009972       0.005078
      31.139999      -0.010490       0.005085
      31.160000      -0.005852       0.005101
      31.179998      -0.004275       0.005096
      31.199999      -0.009380       0.005083
      31.219999      -0.003069       0.005113
      31.240000      -0.003172       0.005116
      31.260000      -0.004146       0.005125
      31.279999       0.007511       0.005139
      31.299999      -0.003897       0.005120
      31.320000      -0.003662       0.005130
      31.340000      -0.001081       0.005136
      31.359999      -0.007899       0.005124
      31.379999      -0.005869       0.005134
      31.400000      -0.000405       0.005165
