#       1571
#     file:    SofQ/NOM_9999_SiO2_crystobalite_SQ.dat
#     created: Mon Jul 25 14:48:33 2016
#     Comment: neutron, Qmax=31.414, Qdamp=0.017659, Qbroad= 0.0191822
#     
       0.000000      -0.801351       0.000000
       0.020000      -0.801351       0.000000
       0.040000      -0.801351       0.000000
       0.060000      -0.801351       0.000000
       0.080000      -0.801350       0.000000
       0.100000      -0.801350       0.000000
       0.120000      -0.801350       0.000000
       0.140000      -0.801350       0.000000
       0.160000      -0.801350       0.019896
       0.180000      -0.801349       0.008305
       0.200000      -0.801349       0.007581
       0.220000      -0.801349       0.005494
       0.240000      -0.801348       0.004165
       0.260000      -0.801348       0.003312
       0.280000      -0.801348       0.002770
       0.300000      -0.801347       0.002429
       0.320000      -0.801347       0.002199
       0.340000      -0.801346       0.002041
       0.360000      -0.801346       0.001940
       0.380000      -0.801345       0.001899
       0.400000      -0.801345       0.001897
       0.420000      -0.801344       0.001915
       0.440000      -0.801343       0.001962
       0.460000      -0.801343       0.002011
       0.480000      -0.801342       0.002048
       0.500000      -0.801341       0.002060
       0.520000      -0.805400       0.002044
       0.540000      -0.803222       0.002006
       0.560000      -0.804330       0.001964
       0.580000      -0.802804       0.001920
       0.600000      -0.797784       0.001876
       0.620000      -0.800075       0.001837
       0.640000      -0.798139       0.001794
       0.660000      -0.798628       0.001756
       0.680000      -0.797803       0.001726
       0.700000      -0.798145       0.001703
       0.720000      -0.799648       0.001691
       0.740000      -0.794842       0.001692
       0.760000      -0.793873       0.001708
       0.780000      -0.789559       0.001734
       0.800000      -0.785227       0.001768
       0.820000      -0.782941       0.001804
       0.840000      -0.780906       0.001836
       0.860000      -0.779172       0.001873
       0.880000      -0.781155       0.001906
       0.900000      -0.775051       0.001944
       0.920000      -0.779614       0.001982
       0.940000      -0.780909       0.002026
       0.960000      -0.774012       0.002068
       0.980000      -0.772942       0.002111
       1.000000      -0.772318       0.002147
       1.020000      -0.773219       0.002161
       1.040000      -0.769715       0.002152
       1.060000      -0.775773       0.002123
       1.080000      -0.779162       0.002068
       1.100000      -0.782022       0.002004
       1.120000      -0.784975       0.001941
       1.140000      -0.788003       0.001887
       1.160000      -0.794436       0.001832
       1.180000      -0.794247       0.001783
       1.200000      -0.792747       0.001737
       1.220000      -0.793179       0.001695
       1.240000      -0.793551       0.001654
       1.260000      -0.790939       0.001621
       1.280000      -0.789346       0.001591
       1.300000      -0.788605       0.001563
       1.320000      -0.786790       0.001537
       1.340000      -0.781527       0.001513
       1.360000      -0.777325       0.001492
       1.380000      -0.765455       0.001477
       1.400000      -0.743475       0.001472
       1.420000      -0.684991       0.001494
       1.440000      -0.547392       0.001564
       1.460000      -0.290330       0.001701
       1.480000       0.232844       0.001960
       1.500000       1.616211       0.002532
       1.520000       5.113961       0.003602
       1.540000       9.855902       0.004689
       1.560000       9.969972       0.004735
       1.580000       5.219502       0.003681
       1.600000       1.548885       0.002558
       1.620000       0.078707       0.001926
       1.640000      -0.488786       0.001618
       1.660000      -0.689072       0.001499
       1.680000      -0.738476       0.001477
       1.700000      -0.750062       0.001473
       1.720000      -0.750510       0.001479
       1.740000      -0.738864       0.001488
       1.760000      -0.716059       0.001507
       1.780000      -0.698655       0.001524
       1.800000      -0.705686       0.001522
       1.820000      -0.729168       0.001508
       1.840000      -0.741870       0.001504
       1.860000      -0.737401       0.001512
       1.880000      -0.719711       0.001530
       1.900000      -0.686260       0.001559
       1.920000      -0.616730       0.001613
       1.940000      -0.474618       0.001715
       1.960000      -0.260163       0.001856
       1.980000       0.012725       0.002020
       2.000000       0.226995       0.002140
       2.020000       0.063226       0.002049
       2.040000      -0.326928       0.001811
       2.060000      -0.557128       0.001652
       2.080000      -0.635130       0.001591
       2.100000      -0.635275       0.001579
       2.120000      -0.564536       0.001607
       2.140000      -0.391462       0.001699
       2.160000      -0.091816       0.001851
       2.180000       0.351189       0.002056
       2.200000       0.894031       0.002273
       2.220000       0.870382       0.002235
       2.240000       0.089569       0.001856
       2.260000      -0.438754       0.001556
       2.280000      -0.625675       0.001425
       2.300000      -0.690400       0.001368
       2.320000      -0.717893       0.001334
       2.340000      -0.729543       0.001309
       2.360000      -0.727457       0.001296
       2.380000      -0.715417       0.001290
       2.400000      -0.695001       0.001286
       2.420000      -0.652560       0.001300
       2.440000      -0.565394       0.001337
       2.460000      -0.381615       0.001418
       2.480000       0.007159       0.001589
       2.500000       0.680080       0.001846
       2.520000       1.436145       0.002093
       2.540000       1.201067       0.001999
       2.560000       0.135753       0.001589
       2.580000      -0.411017       0.001334
       2.600000      -0.539589       0.001258
       2.620000      -0.511561       0.001262
       2.640000      -0.383585       0.001315
       2.660000      -0.135796       0.001417
       2.680000       0.149768       0.001527
       2.700000       0.004637       0.001459
       2.720000      -0.380255       0.001284
       2.740000      -0.543986       0.001198
       2.760000      -0.528862       0.001199
       2.780000      -0.404542       0.001250
       2.800000      -0.142956       0.001358
       2.820000       0.164727       0.001473
       2.840000       0.040042       0.001417
       2.860000      -0.358798       0.001248
       2.880000      -0.562790       0.001152
       2.900000      -0.600192       0.001138
       2.920000      -0.570584       0.001162
       2.940000      -0.476937       0.001211
       2.960000      -0.309357       0.001271
       2.980000      -0.108604       0.001339
       3.000000       0.000291       0.001377
       3.020000      -0.155047       0.001310
       3.040000      -0.297761       0.001249
       3.060000      -0.205700       0.001289
       3.080000       0.164067       0.001433
       3.100000       0.731660       0.001633
       3.120000       0.782556       0.001655
       3.140000       0.197641       0.001458
       3.160000      -0.214925       0.001300
       3.180000      -0.275999       0.001281
       3.200000      -0.081391       0.001367
       3.220000       0.390641       0.001553
       3.240000       1.130258       0.001808
       3.260000       1.466743       0.001906
       3.280000       0.903962       0.001728
       3.300000       0.390907       0.001549
       3.320000       0.537811       0.001593
       3.340000       1.292033       0.001831
       3.360000       1.810809       0.001975
       3.380000       1.028263       0.001739
       3.400000       0.061690       0.001400
       3.420000      -0.382237       0.001211
       3.440000      -0.537790       0.001135
       3.460000      -0.599780       0.001101
       3.480000      -0.631177       0.001081
       3.500000      -0.646304       0.001069
       3.520000      -0.652136       0.001063
       3.540000      -0.646703       0.001061
       3.560000      -0.635912       0.001063
       3.580000      -0.609522       0.001070
       3.600000      -0.559444       0.001088
       3.620000      -0.466100       0.001124
       3.640000      -0.302037       0.001188
       3.660000       0.042912       0.001317
       3.680000       0.711544       0.001536
       3.700000       1.104794       0.001647
       3.720000       0.791784       0.001546
       3.740000       0.044699       0.001293
       3.760000      -0.338226       0.001143
       3.780000      -0.423673       0.001102
       3.800000      -0.352138       0.001126
       3.820000      -0.097668       0.001219
       3.840000       0.293464       0.001348
       3.860000       0.470881       0.001399
       3.880000       1.175368       0.001598
       3.900000       2.122297       0.001830
       3.920000       0.888048       0.001503
       3.940000      -0.112558       0.001179
       3.960000      -0.405522       0.001064
       3.980000      -0.445257       0.001044
       4.000000      -0.412596       0.001053
       4.020000      -0.480425       0.001022
       4.040000      -0.501777       0.001012
       4.060000      -0.412582       0.001048
       4.080000      -0.138637       0.001152
       4.100000       0.186481       0.001262
       4.120000      -0.163722       0.001140
       4.140000      -0.414186       0.001045
       4.160000      -0.396158       0.001046
       4.180000      -0.146656       0.001125
       4.200000       0.415347       0.001290
       4.220000       0.069691       0.001160
       4.240000      -0.416487       0.000970
       4.260000      -0.539215       0.000900
       4.280000      -0.570629       0.000863
       4.300000      -0.566350       0.000846
       4.320000      -0.535007       0.000846
       4.340000      -0.466924       0.000859
       4.360000      -0.264593       0.000920
       4.380000       0.377895       0.001102
       4.400000       0.386286       0.001107
       4.420000      -0.033556       0.000994
       4.440000      -0.240548       0.000933
       4.460000      -0.183239       0.000949
       4.480000       0.340634       0.001097
       4.500000       0.552259       0.001153
       4.520000      -0.130989       0.000970
       4.540000      -0.131360       0.000972
       4.560000       0.178493       0.001063
       4.580000       0.696229       0.001198
       4.600000       1.619613       0.001408
       4.620000       0.485187       0.001149
       4.640000       0.288131       0.001100
       4.660000       0.453121       0.001147
       4.680000       0.401948       0.001137
       4.700000       0.868701       0.001256
       4.720000       0.619697       0.001197
       4.740000      -0.158118       0.000982
       4.760000      -0.278377       0.000946
       4.780000      -0.209977       0.000970
       4.800000       0.056802       0.001054
       4.820000       0.883262       0.001276
       4.840000       1.715050       0.001468
       4.860000       0.789855       0.001259
       4.880000       0.931392       0.001297
       4.900000       1.597221       0.001454
       4.920000       0.776148       0.001267
       4.940000      -0.140766       0.001014
       4.960000      -0.334811       0.000954
       4.980000      -0.396650       0.000936
       5.000000      -0.412780       0.000933
       5.020000      -0.408580       0.000939
       5.040000      -0.381489       0.000954
       5.060000      -0.310763       0.000989
       5.080000      -0.118069       0.001068
       5.100000       0.067620       0.001120
       5.120000       0.218848       0.001161
       5.140000       0.524693       0.001250
       5.160000       0.024168       0.001107
       5.180000      -0.014534       0.001099
       5.200000       0.374283       0.001220
       5.220000       0.506552       0.001261
       5.240000       0.180539       0.001169
       5.260000       0.423452       0.001246
       5.280000       1.397835       0.001504
       5.300000       2.555827       0.001766
       5.320000       2.022924       0.001658
       5.340000       1.860435       0.001626
       5.360000       2.017344       0.001667
       5.380000       2.393317       0.001754
       5.400000       2.714247       0.001825
       5.420000       0.952863       0.001423
       5.440000       0.341597       0.001255
       5.460000      -0.037031       0.001139
       5.480000      -0.148312       0.001105
       5.500000      -0.012465       0.001154
       5.520000       0.201988       0.001227
       5.540000      -0.113203       0.001126
       5.560000      -0.209011       0.001095
       5.580000      -0.134300       0.001125
       5.600000      -0.101538       0.001140
       5.620000      -0.007074       0.001178
       5.640000       0.469462       0.001336
       5.660000       1.144624       0.001533
       5.680000       0.616068       0.001390
       5.700000       0.830660       0.001458
       5.720000       2.137809       0.001798
       5.740000       1.632048       0.001682
       5.760000       0.202445       0.001279
       5.780000      -0.172213       0.001153
       5.800000      -0.237569       0.001132
       5.820000      -0.143623       0.001172
       5.840000      -0.228467       0.001145
       5.860000      -0.344287       0.001106
       5.880000      -0.329870       0.001117
       5.900000      -0.274377       0.001139
       5.920000      -0.156048       0.001187
       5.940000      -0.076920       0.001221
       5.960000      -0.281180       0.001147
       5.980000      -0.313719       0.001137
       6.000000      -0.195073       0.001188
       6.020000      -0.129649       0.001217
       6.040000      -0.127699       0.001223
       6.060000      -0.246401       0.001181
       6.080000      -0.383589       0.001129
       6.100000      -0.374588       0.001138
       6.120000      -0.260814       0.001189
       6.140000      -0.218666       0.001210
       6.160000      -0.386479       0.001144
       6.180000      -0.443335       0.001122
       6.200000      -0.440574       0.001126
       6.220000      -0.415492       0.001142
       6.240000      -0.392998       0.001155
       6.260000      -0.311424       0.001192
       6.280000      -0.210300       0.001237
       6.300000      -0.101007       0.001286
       6.320000       0.212048       0.001409
       6.340000       0.315672       0.001451
       6.360000       0.336621       0.001462
       6.380000       0.253048       0.001436
       6.400000       0.079930       0.001376
       6.420000       0.020939       0.001356
       6.440000      -0.017806       0.001345
       6.460000      -0.239307       0.001256
       6.480000      -0.297663       0.001236
       6.500000      -0.323091       0.001230
       6.520000      -0.341621       0.001226
       6.540000      -0.404891       0.001205
       6.560000      -0.381399       0.001225
       6.580000      -0.333148       0.001244
       6.600000      -0.373672       0.001224
       6.620000      -0.431685       0.001200
       6.640000      -0.450539       0.001194
       6.660000      -0.443447       0.001203
       6.680000      -0.405767       0.001225
       6.700000      -0.332877       0.001262
       6.720000      -0.300713       0.001281
       6.740000      -0.372074       0.001252
       6.760000      -0.378357       0.001254
       6.780000      -0.326443       0.001283
       6.800000      -0.213113       0.001339
       6.820000      -0.118940       0.001386
       6.840000      -0.033446       0.001428
       6.860000       0.114722       0.001494
       6.880000       0.495611       0.001647
       6.900000       0.224777       0.001546
       6.920000       0.010329       0.001462
       6.940000       0.063749       0.001488
       6.960000       0.048363       0.001486
       6.980000      -0.167432       0.001396
       7.000000      -0.208785       0.001381
       7.020000      -0.263280       0.001358
       7.040000      -0.234937       0.001376
       7.060000      -0.263761       0.001366
       7.080000      -0.290137       0.001357
       7.100000      -0.251441       0.001379
       7.120000      -0.260534       0.001378
       7.140000      -0.181648       0.001419
       7.160000      -0.153876       0.001436
       7.180000      -0.238281       0.001402
       7.200000      -0.202321       0.001423
       7.220000      -0.155636       0.001445
       7.240000      -0.064433       0.001490
       7.260000       0.121191       0.001575
       7.280000       0.436268       0.001709
       7.300000       0.369486       0.001688
       7.320000      -0.004134       0.001530
       7.340000      -0.091344       0.001495
       7.360000      -0.028336       0.001527
       7.380000       0.124045       0.001598
       7.400000       0.158524       0.001618
       7.420000       0.017681       0.001560
       7.440000      -0.096651       0.001510
       7.460000      -0.198429       0.001464
       7.480000      -0.209790       0.001464
       7.500000      -0.175573       0.001484
       7.520000      -0.156164       0.001497
       7.540000      -0.134987       0.001513
       7.560000      -0.096682       0.001535
       7.580000       0.033369       0.001599
       7.600000       0.096180       0.001630
       7.620000       0.199309       0.001680
       7.640000       0.437961       0.001785
       7.660000       0.290932       0.001727
       7.680000       0.300782       0.001735
       7.700000       0.401333       0.001783
       7.720000       0.367628       0.001774
       7.740000       0.280133       0.001741
       7.760000       0.366309       0.001787
       7.780000       0.641717       0.001903
       7.800000       0.581940       0.001876
       7.820000       0.337034       0.001775
       7.840000       0.385146       0.001801
       7.860000       0.635705       0.001909
       7.880000       0.882789       0.002014
       7.900000       0.585867       0.001898
       7.920000       0.151942       0.001713
       7.940000      -0.035249       0.001630
       7.960000      -0.090024       0.001606
       7.980000      -0.089954       0.001612
       8.000000      -0.049797       0.001634
       8.020000       0.057255       0.001689
       8.040000       0.280729       0.001797
       8.059999       0.257483       0.001791
       8.080000       0.099882       0.001722
       8.099999       0.055966       0.001703
       8.120000       0.044438       0.001700
       8.139999       0.180563       0.001769
       8.160000       0.305509       0.001829
       8.179999       0.327004       0.001841
       8.200000       0.433518       0.001894
       8.220000       0.414126       0.001888
       8.240000       0.120902       0.001754
       8.260000      -0.009500       0.001693
       8.280000      -0.018182       0.001691
       8.300000      -0.010723       0.001697
       8.320000       0.005178       0.001705
       8.340000       0.077261       0.001744
       8.360000      -0.010847       0.001705
       8.380000      -0.107637       0.001660
       8.400000      -0.111862       0.001659
       8.420000      -0.090885       0.001673
       8.440000      -0.042066       0.001701
       8.460000       0.080355       0.001765
       8.480000       0.281509       0.001867
       8.500000       0.406521       0.001929
       8.520000       0.447388       0.001952
       8.540000       0.457001       0.001962
       8.559999       0.326231       0.001904
       8.580000       0.157120       0.001826
       8.599999       0.026168       0.001762
       8.620000       0.032920       0.001768
       8.639999       0.153508       0.001832
       8.660000       0.220872       0.001868
       8.679999       0.142091       0.001833
       8.700000       0.220912       0.001874
       8.720000       0.301784       0.001915
       8.740000       0.064119       0.001801
       8.760000      -0.084217       0.001726
       8.780000      -0.114511       0.001713
       8.800000      -0.142735       0.001704
       8.820000      -0.152087       0.001700
       8.840000      -0.123547       0.001715
       8.860000      -0.076083       0.001742
       8.880000      -0.023926       0.001773
       8.900000       0.051853       0.001816
       8.920000       0.091592       0.001841
       8.940000       0.031552       0.001813
       8.960000      -0.010636       0.001793
       8.980000      -0.019247       0.001790
       9.000000      -0.001780       0.001802
       9.020000       0.074137       0.001847
       9.040000       0.186527       0.001909
       9.059999       0.168767       0.001905
       9.080000       0.082339       0.001863
       9.099999       0.129120       0.001890
       9.120000       0.237352       0.001947
       9.139999       0.198913       0.001930
       9.160000       0.194752       0.001932
       9.179999       0.241897       0.001959
       9.200000       0.299002       0.001990
       9.220000       0.245135       0.001964
       9.240000       0.263505       0.001974
       9.260000       0.309633       0.001999
       9.280000       0.271628       0.001982
       9.300000       0.234674       0.001965
       9.320000       0.134253       0.001916
       9.340000       0.096713       0.001902
       9.360000       0.045717       0.001879
       9.380000      -0.013829       0.001852
       9.400000      -0.035490       0.001843
       9.420000      -0.038230       0.001843
       9.440000      -0.079593       0.001820
       9.460000      -0.120079       0.001801
       9.480000      -0.114272       0.001806
       9.500000      -0.096487       0.001822
       9.520000      -0.095498       0.001825
       9.540000      -0.102349       0.001822
       9.559999      -0.071619       0.001841
       9.580000       0.011106       0.001889
       9.599999       0.110445       0.001947
       9.620000       0.140363       0.001967
       9.639999       0.164919       0.001981
       9.660000       0.177576       0.001992
       9.679999       0.156642       0.001984
       9.700000       0.098980       0.001952
       9.719999       0.066812       0.001938
       9.740000       0.080722       0.001946
       9.760000       0.051813       0.001931
       9.780000      -0.021774       0.001892
       9.800000      -0.059349       0.001875
       9.820000      -0.086806       0.001864
       9.840000      -0.096642       0.001861
       9.860000      -0.092850       0.001865
       9.880000      -0.069562       0.001883
       9.900000      -0.034110       0.001907
       9.920000       0.001517       0.001931
       9.940000       0.011366       0.001938
       9.960000      -0.008091       0.001930
       9.980000      -0.029189       0.001921
      10.000000      -0.013798       0.001933
      10.020000       0.036006       0.001964
      10.040000       0.075057       0.001989
      10.059999       0.072307       0.001989
      10.080000       0.030561       0.001971
      10.099999      -0.017005       0.001945
      10.120000      -0.016974       0.001943
      10.139999       0.016658       0.001963
      10.160000       0.064390       0.001991
      10.179999       0.106226       0.002015
      10.200000       0.121400       0.002028
      10.219999       0.134990       0.002042
      10.240000       0.179847       0.002070
      10.260000       0.199687       0.002086
      10.280000       0.225190       0.002104
      10.300000       0.216544       0.002104
      10.320000       0.171122       0.002079
      10.340000       0.148122       0.002068
      10.360000       0.115376       0.002053
      10.380000       0.095180       0.002043
      10.400000       0.063098       0.002029
      10.420000       0.027615       0.002012
      10.440000       0.032565       0.002018
      10.460000       0.079898       0.002049
      10.480000       0.084290       0.002055
      10.500000       0.061119       0.002043
      10.520000       0.039052       0.002033
      10.540000       0.038695       0.002029
      10.559999       0.024783       0.002023
      10.580000      -0.006937       0.002007
      10.599999      -0.025256       0.001995
      10.620000      -0.057257       0.001977
      10.639999      -0.084358       0.001963
      10.660000      -0.099519       0.001959
      10.679999      -0.093928       0.001968
      10.700000      -0.094559       0.001973
      10.719999      -0.104096       0.001969
      10.740000      -0.100125       0.001972
      10.760000      -0.092394       0.001981
      10.780000      -0.082124       0.001990
      10.800000      -0.071046       0.001998
      10.820000      -0.067371       0.002003
      10.840000      -0.086043       0.001995
      10.860000      -0.089337       0.001996
      10.880000      -0.083777       0.002001
      10.900000      -0.091270       0.002000
      10.920000      -0.107750       0.001993
      10.940000      -0.107469       0.001996
      10.960000      -0.108671       0.001996
      10.980000      -0.133953       0.001981
      11.000000      -0.153029       0.001972
      11.020000      -0.148035       0.001979
      11.040000      -0.134138       0.001989
      11.059999      -0.139362       0.001990
      11.080000      -0.155157       0.001982
      11.099999      -0.164339       0.001981
      11.120000      -0.154451       0.001989
      11.139999      -0.137199       0.002001
      11.160000      -0.109629       0.002021
      11.179999      -0.095787       0.002032
      11.200000      -0.099939       0.002031
      11.219999      -0.128360       0.002015
      11.240000      -0.152239       0.002001
      11.259999      -0.163574       0.001998
      11.280000      -0.168956       0.001997
      11.300000      -0.162921       0.002001
      11.320000      -0.140933       0.002017
      11.340000      -0.115717       0.002033
      11.360000      -0.115743       0.002032
      11.380000      -0.127601       0.002023
      11.400000      -0.129581       0.002024
      11.420000      -0.107227       0.002043
      11.440000      -0.063009       0.002079
      11.460000      -0.010728       0.002118
      11.480000      -0.004439       0.002129
      11.500000      -0.009208       0.002126
      11.520000      -0.018126       0.002120
      11.540000      -0.042503       0.002104
      11.559999      -0.056281       0.002098
      11.580000      -0.063279       0.002098
      11.599999      -0.064019       0.002103
      11.620000      -0.072060       0.002101
      11.639999      -0.082493       0.002095
      11.660000      -0.084748       0.002097
      11.679999      -0.071327       0.002105
      11.700000      -0.057969       0.002117
      11.719999      -0.042275       0.002130
      11.740000      -0.017212       0.002151
      11.759999       0.020071       0.002176
      11.780000       0.036841       0.002187
      11.800000       0.014508       0.002177
      11.820000      -0.008615       0.002161
      11.840000      -0.031812       0.002147
      11.860000      -0.035858       0.002151
      11.880000      -0.019495       0.002161
      11.900000      -0.010097       0.002170
      11.920000      -0.004627       0.002174
      11.940000       0.007238       0.002183
      11.960000       0.017905       0.002193
      11.980000       0.030995       0.002205
      12.000000       0.059193       0.002227
      12.020000       0.076470       0.002242
      12.040000       0.084582       0.002250
      12.059999       0.099902       0.002260
      12.080000       0.094536       0.002255
      12.099999       0.071312       0.002240
      12.120000       0.044199       0.002224
      12.139999       0.032206       0.002217
      12.160000       0.042283       0.002227
      12.179999       0.068071       0.002249
      12.200000       0.087581       0.002267
      12.219999       0.094391       0.002274
      12.240000       0.079177       0.002270
      12.259999       0.072700       0.002265
      12.280000       0.069537       0.002265
      12.300000       0.073565       0.002269
      12.320000       0.071203       0.002271
      12.340000       0.063933       0.002268
      12.360000       0.065046       0.002272
      12.380000       0.083873       0.002286
      12.400000       0.116161       0.002305
      12.420000       0.138449       0.002323
      12.440000       0.167474       0.002342
      12.460000       0.192287       0.002362
      12.480000       0.207341       0.002373
      12.500000       0.224296       0.002386
      12.520000       0.234315       0.002395
      12.540000       0.212355       0.002384
      12.559999       0.190406       0.002371
      12.580000       0.181268       0.002368
      12.599999       0.184572       0.002372
      12.620000       0.186409       0.002377
      12.639999       0.198401       0.002385
      12.660000       0.206885       0.002394
      12.679999       0.205160       0.002395
      12.700000       0.203866       0.002397
      12.719999       0.209143       0.002402
      12.740000       0.214462       0.002405
      12.759999       0.200452       0.002397
      12.780000       0.188423       0.002392
      12.799999       0.187273       0.002391
      12.820000       0.187408       0.002394
      12.840000       0.188666       0.002395
      12.860000       0.194279       0.002401
      12.880000       0.186050       0.002404
      12.900000       0.169881       0.002397
      12.920000       0.158399       0.002392
      12.940000       0.163099       0.002397
      12.960000       0.174192       0.002407
      12.980000       0.172168       0.002408
      13.000000       0.165622       0.002406
      13.020000       0.152728       0.002401
      13.040000       0.139267       0.002394
      13.059999       0.118141       0.002382
      13.080000       0.091648       0.002367
      13.099999       0.071929       0.002351
      13.120000       0.050638       0.002338
      13.139999       0.039993       0.002333
      13.160000       0.034680       0.002333
      13.179999       0.029065       0.002334
      13.200000       0.030543       0.002337
      13.219999       0.038130       0.002343
      13.240000       0.045533       0.002350
      13.259999       0.034374       0.002346
      13.280000       0.026583       0.002344
      13.299999       0.012657       0.002337
      13.320000       0.002716       0.002332
      13.340000      -0.011255       0.002323
      13.360000      -0.024730       0.002315
      13.380000      -0.033311       0.002310
      13.400000      -0.033601       0.002310
      13.420000      -0.041012       0.002308
      13.440000      -0.042248       0.002307
      13.460000      -0.045707       0.002306
      13.480000      -0.046931       0.002307
      13.500000      -0.045755       0.002309
      13.520000      -0.049829       0.002309
      13.540000      -0.053154       0.002309
      13.559999      -0.060800       0.002310
      13.580000      -0.062328       0.002312
      13.599999      -0.063801       0.002313
      13.620000      -0.062215       0.002316
      13.639999      -0.059341       0.002317
      13.660000      -0.057642       0.002318
      13.679999      -0.061521       0.002318
      13.700000      -0.067455       0.002321
      13.719999      -0.061627       0.002326
      13.740000      -0.061816       0.002327
      13.759999      -0.062174       0.002327
      13.780000      -0.060018       0.002326
      13.799999      -0.062860       0.002324
      13.820000      -0.073357       0.002321
      13.840000      -0.082495       0.002319
      13.860000      -0.079860       0.002321
      13.880000      -0.083657       0.002324
      13.900000      -0.084550       0.002325
      13.920000      -0.085525       0.002326
      13.940000      -0.085322       0.002329
      13.960000      -0.086283       0.002329
      13.980000      -0.084196       0.002333
      14.000000      -0.082069       0.002337
      14.020000      -0.079262       0.002341
      14.040000      -0.077880       0.002345
      14.059999      -0.069424       0.002352
      14.080000      -0.066118       0.002356
      14.099999      -0.058155       0.002364
      14.120000      -0.046274       0.002373
      14.139999      -0.045087       0.002379
      14.160000      -0.042304       0.002382
      14.179999      -0.045747       0.002381
      14.200000      -0.050827       0.002378
      14.219999      -0.050496       0.002380
      14.240000      -0.050942       0.002383
      14.259999      -0.051509       0.002386
      14.280000      -0.061923       0.002383
      14.299999      -0.068187       0.002381
      14.320000      -0.071283       0.002379
      14.340000      -0.074372       0.002375
      14.360000      -0.070403       0.002378
      14.380000      -0.067491       0.002382
      14.400000      -0.062735       0.002389
      14.420000      -0.051281       0.002399
      14.440000      -0.045220       0.002407
      14.460000      -0.042753       0.002414
      14.480000      -0.032832       0.002419
      14.500000      -0.031433       0.002423
      14.520000      -0.027806       0.002425
      14.540000      -0.030333       0.002425
      14.559999      -0.033961       0.002423
      14.580000      -0.042401       0.002421
      14.599999      -0.041122       0.002426
      14.620000      -0.037752       0.002429
      14.639999      -0.042566       0.002428
      14.660000      -0.044177       0.002426
      14.679999      -0.043444       0.002425
      14.700000      -0.040135       0.002429
      14.719999      -0.037140       0.002432
      14.740000      -0.031950       0.002441
      14.759999      -0.030983       0.002444
      14.780000      -0.029718       0.002450
      14.799999      -0.031405       0.002451
      14.820000      -0.027826       0.002457
      14.839999      -0.023589       0.002460
      14.860000      -0.020718       0.002463
      14.880000      -0.021724       0.002467
      14.900000      -0.025004       0.002466
      14.920000      -0.022268       0.002472
      14.940000      -0.015508       0.002478
      14.960000      -0.002287       0.002490
      14.980000       0.009312       0.002498
      15.000000       0.008185       0.002499
      15.020000       0.006355       0.002500
      15.040000      -0.007578       0.002494
      15.059999      -0.006019       0.002494
      15.080000      -0.011070       0.002495
      15.099999      -0.019046       0.002488
      15.120000      -0.019966       0.002491
      15.139999      -0.022448       0.002491
      15.160000      -0.014100       0.002501
      15.179999      -0.016664       0.002506
      15.200000      -0.016096       0.002510
      15.219999      -0.006647       0.002514
      15.240000      -0.004266       0.002514
      15.259999      -0.007210       0.002515
      15.280000      -0.005179       0.002515
      15.299999      -0.003785       0.002521
      15.320000       0.000389       0.002531
      15.339999       0.009749       0.002538
      15.360000       0.015303       0.002545
      15.380000       0.023837       0.002550
      15.400000       0.028651       0.002560
      15.420000       0.030025       0.002563
      15.440000       0.031740       0.002564
      15.460000       0.034277       0.002569
      15.480000       0.031711       0.002568
      15.500000       0.028082       0.002569
      15.520000       0.022792       0.002570
      15.540000       0.016911       0.002564
      15.559999       0.009145       0.002563
      15.580000       0.009413       0.002565
      15.599999       0.002767       0.002564
      15.620000      -0.005041       0.002563
      15.639999      -0.003304       0.002564
      15.660000      -0.011777       0.002559
      15.679999      -0.011600       0.002559
      15.700000      -0.022537       0.002553
      15.719999      -0.026085       0.002551
      15.740000      -0.024017       0.002559
      15.759999      -0.026202       0.002558
      15.780000      -0.026284       0.002564
      15.799999      -0.030208       0.002560
      15.820000      -0.030975       0.002558
      15.839999      -0.029043       0.002562
      15.860000      -0.031961       0.002561
      15.880000      -0.027239       0.002567
      15.900000      -0.029563       0.002571
      15.920000      -0.027054       0.002575
      15.940000      -0.024791       0.002579
      15.960000      -0.024849       0.002581
      15.980000      -0.028237       0.002584
      16.000000      -0.026010       0.002586
      16.020000      -0.021266       0.002594
      16.039999      -0.019725       0.002597
      16.059999      -0.018389       0.002597
      16.080000      -0.020928       0.002597
      16.100000      -0.022040       0.002603
      16.119999      -0.021558       0.002606
      16.139999      -0.015430       0.002607
      16.160000      -0.014215       0.002611
      16.180000      -0.009814       0.002619
      16.199999      -0.012821       0.002617
      16.219999      -0.015065       0.002618
      16.240000      -0.012714       0.002622
      16.260000      -0.013211       0.002625
      16.279999      -0.012113       0.002627
      16.299999      -0.011022       0.002630
      16.320000      -0.008006       0.002631
      16.340000      -0.009812       0.002630
      16.359999      -0.004053       0.002635
      16.379999      -0.000928       0.002641
      16.400000       0.008713       0.002651
      16.420000       0.018857       0.002664
      16.440001       0.024518       0.002669
      16.459999       0.027702       0.002674
      16.480000       0.028315       0.002681
      16.500000       0.034667       0.002681
      16.520000       0.038782       0.002688
      16.539999       0.042949       0.002694
      16.559999       0.047674       0.002700
      16.580000       0.051252       0.002707
      16.600000       0.048498       0.002706
      16.619999       0.051397       0.002711
      16.639999       0.054416       0.002712
      16.660000       0.054832       0.002719
      16.680000       0.056192       0.002721
      16.699999       0.060362       0.002729
      16.719999       0.062896       0.002737
      16.740000       0.061715       0.002737
      16.760000       0.055629       0.002733
      16.779999       0.057002       0.002732
      16.799999       0.060441       0.002736
      16.820000       0.063860       0.002740
      16.840000       0.070998       0.002748
      16.859999       0.075474       0.002756
      16.879999       0.069414       0.002758
      16.900000       0.065931       0.002755
      16.920000       0.058971       0.002754
      16.940001       0.058186       0.002750
      16.959999       0.057235       0.002753
      16.980000       0.060344       0.002761
      17.000000       0.061621       0.002765
      17.020000       0.062436       0.002768
      17.039999       0.062351       0.002772
      17.059999       0.064220       0.002776
      17.080000       0.064785       0.002775
      17.100000       0.058990       0.002774
      17.119999       0.056241       0.002776
      17.139999       0.056650       0.002776
      17.160000       0.060264       0.002782
      17.180000       0.060269       0.002784
      17.199999       0.062862       0.002792
      17.219999       0.067323       0.002796
      17.240000       0.065900       0.002799
      17.260000       0.065112       0.002798
      17.279999       0.060891       0.002798
      17.299999       0.062621       0.002800
      17.320000       0.063742       0.002799
      17.340000       0.062789       0.002798
      17.359999       0.051912       0.002798
      17.379999       0.052149       0.002798
      17.400000       0.048599       0.002795
      17.420000       0.049569       0.002800
      17.440001       0.045522       0.002805
      17.459999       0.042298       0.002804
      17.480000       0.038378       0.002804
      17.500000       0.033126       0.002804
      17.520000       0.028256       0.002798
      17.539999       0.021290       0.002795
      17.559999       0.021285       0.002796
      17.580000       0.021120       0.002797
      17.600000       0.020357       0.002800
      17.619999       0.014482       0.002800
      17.639999       0.013638       0.002804
      17.660000       0.016832       0.002809
      17.680000       0.009329       0.002808
      17.699999       0.008656       0.002810
      17.719999       0.006699       0.002809
      17.740000       0.008028       0.002810
      17.760000       0.000943       0.002807
      17.779999       0.000418       0.002807
      17.799999      -0.006594       0.002806
      17.820000      -0.007755       0.002800
      17.840000      -0.021207       0.002792
      17.859999      -0.026214       0.002788
      17.879999      -0.024441       0.002792
      17.900000      -0.025266       0.002793
      17.920000      -0.028942       0.002796
      17.940001      -0.029682       0.002801
      17.959999      -0.031341       0.002804
      17.980000      -0.030340       0.002805
      18.000000      -0.034992       0.002807
      18.020000      -0.043602       0.002803
      18.039999      -0.046157       0.002802
      18.059999      -0.047827       0.002805
      18.080000      -0.045285       0.002808
      18.100000      -0.046330       0.002808
      18.119999      -0.050284       0.002807
      18.139999      -0.053994       0.002806
      18.160000      -0.054228       0.002808
      18.180000      -0.057818       0.002807
      18.199999      -0.068367       0.002801
      18.219999      -0.065296       0.002803
      18.240000      -0.063322       0.002810
      18.260000      -0.066848       0.002807
      18.279999      -0.074087       0.002805
      18.299999      -0.070694       0.002811
      18.320000      -0.073332       0.002810
      18.340000      -0.072637       0.002810
      18.359999      -0.074083       0.002809
      18.379999      -0.077993       0.002809
      18.400000      -0.076636       0.002812
      18.420000      -0.077340       0.002814
      18.440001      -0.076955       0.002818
      18.459999      -0.077459       0.002822
      18.480000      -0.079167       0.002823
      18.500000      -0.081030       0.002826
      18.520000      -0.074951       0.002829
      18.539999      -0.073604       0.002831
      18.559999      -0.075368       0.002834
      18.580000      -0.076625       0.002838
      18.600000      -0.073593       0.002842
      18.619999      -0.070306       0.002847
      18.639999      -0.068204       0.002855
      18.660000      -0.068095       0.002854
      18.680000      -0.065546       0.002860
      18.699999      -0.067136       0.002858
      18.719999      -0.072242       0.002857
      18.740000      -0.069405       0.002862
      18.760000      -0.068547       0.002865
      18.779999      -0.062267       0.002872
      18.799999      -0.056582       0.002877
      18.820000      -0.059731       0.002882
      18.840000      -0.056585       0.002890
      18.859999      -0.054874       0.002895
      18.879999      -0.052638       0.002893
      18.900000      -0.053114       0.002896
      18.920000      -0.057075       0.002898
      18.939999      -0.053197       0.002900
      18.959999      -0.050943       0.002904
      18.980000      -0.046379       0.002911
      19.000000      -0.046001       0.002918
      19.020000      -0.040839       0.002923
      19.039999      -0.042995       0.002925
      19.059999      -0.043292       0.002924
      19.080000      -0.042883       0.002924
      19.100000      -0.039702       0.002926
      19.119999      -0.040756       0.002929
      19.139999      -0.036985       0.002937
      19.160000      -0.031726       0.002948
      19.180000      -0.029710       0.002955
      19.199999      -0.028524       0.002960
      19.219999      -0.022774       0.002961
      19.240000      -0.016991       0.002967
      19.260000      -0.020241       0.002968
      19.279999      -0.019525       0.002966
      19.299999      -0.013434       0.002973
      19.320000      -0.010478       0.002981
      19.340000      -0.011739       0.002987
      19.359999      -0.009204       0.002992
      19.379999      -0.008934       0.002995
      19.400000      -0.005851       0.003001
      19.420000      -0.003665       0.003001
      19.439999      -0.002181       0.003002
      19.459999      -0.005321       0.003001
      19.480000      -0.004461       0.003007
      19.500000       0.002203       0.003014
      19.520000       0.002104       0.003019
      19.539999       0.007118       0.003025
      19.559999       0.009065       0.003033
      19.580000       0.004420       0.003033
      19.600000       0.004385       0.003036
      19.619999       0.007473       0.003042
      19.639999       0.009096       0.003044
      19.660000       0.011505       0.003043
      19.680000       0.013830       0.003046
      19.699999       0.018664       0.003052
      19.719999       0.014737       0.003053
      19.740000       0.024192       0.003064
      19.760000       0.024775       0.003063
      19.779999       0.025291       0.003068
      19.799999       0.028300       0.003070
      19.820000       0.032273       0.003081
      19.840000       0.034872       0.003092
      19.859999       0.042272       0.003106
      19.879999       0.042443       0.003107
      19.900000       0.043661       0.003106
      19.920000       0.039992       0.003103
      19.939999       0.035458       0.003096
      19.959999       0.034863       0.003091
      19.980000       0.036703       0.003094
      20.000000       0.038949       0.003106
      20.020000       0.041861       0.003116
      20.039999       0.047407       0.003129
      20.059999       0.043847       0.003132
      20.080000       0.040682       0.003130
      20.100000       0.039981       0.003129
      20.119999       0.043424       0.003131
      20.139999       0.044070       0.003134
      20.160000       0.037659       0.003135
      20.180000       0.039928       0.003138
      20.199999       0.039887       0.003138
      20.219999       0.037188       0.003137
      20.240000       0.038887       0.003140
      20.260000       0.042267       0.003146
      20.279999       0.044622       0.003155
      20.299999       0.042633       0.003160
      20.320000       0.039035       0.003156
      20.340000       0.034972       0.003150
      20.359999       0.033167       0.003144
      20.379999       0.032655       0.003144
      20.400000       0.032993       0.003149
      20.420000       0.033820       0.003157
      20.439999       0.033547       0.003165
      20.459999       0.032547       0.003173
      20.480000       0.034511       0.003175
      20.500000       0.035976       0.003169
      20.520000       0.030169       0.003165
      20.539999       0.025941       0.003165
      20.559999       0.025234       0.003172
      20.580000       0.025439       0.003176
      20.600000       0.024251       0.003177
      20.619999       0.025304       0.003181
      20.639999       0.023270       0.003180
      20.660000       0.019662       0.003179
      20.680000       0.019969       0.003180
      20.699999       0.019625       0.003185
      20.719999       0.019301       0.003190
      20.740000       0.016279       0.003190
      20.760000       0.015011       0.003189
      20.779999       0.015355       0.003188
      20.799999       0.013604       0.003189
      20.820000       0.014070       0.003195
      20.840000       0.012224       0.003199
      20.859999       0.013368       0.003203
      20.879999       0.016733       0.003206
      20.900000       0.012637       0.003207
      20.920000       0.004446       0.003200
      20.939999       0.006515       0.003199
      20.959999       0.007100       0.003204
      20.980000       0.008016       0.003212
      21.000000       0.007873       0.003214
      21.020000       0.006083       0.003214
      21.039999       0.007021       0.003214
      21.059999       0.006037       0.003216
      21.080000       0.008031       0.003223
      21.100000       0.008124       0.003226
      21.119999       0.006760       0.003230
      21.139999       0.005794       0.003236
      21.160000       0.003330       0.003230
      21.180000       0.007038       0.003232
      21.199999       0.006550       0.003234
      21.219999       0.002456       0.003233
      21.240000      -0.000333       0.003231
      21.260000      -0.003111       0.003230
      21.279999      -0.005873       0.003231
      21.299999      -0.000096       0.003233
      21.320000       0.000776       0.003233
      21.340000      -0.004499       0.003233
      21.359999      -0.001891       0.003241
      21.379999      -0.001491       0.003251
      21.400000      -0.002535       0.003254
      21.420000       0.002123       0.003257
      21.439999      -0.000951       0.003253
      21.459999      -0.004030       0.003250
      21.480000      -0.005557       0.003252
      21.500000      -0.003826       0.003257
      21.520000      -0.001929       0.003266
      21.539999      -0.000004       0.003273
      21.559999      -0.002959       0.003270
      21.580000      -0.003870       0.003270
      21.600000      -0.006192       0.003268
      21.619999      -0.004443       0.003268
      21.639999      -0.001972       0.003274
      21.660000      -0.007738       0.003276
      21.680000      -0.012594       0.003280
      21.699999      -0.004496       0.003284
      21.719999      -0.007414       0.003284
      21.740000      -0.010477       0.003282
      21.760000      -0.011735       0.003283
      21.779999      -0.011031       0.003286
      21.799999      -0.004169       0.003293
      21.820000      -0.003271       0.003295
      21.840000      -0.009588       0.003292
      21.859999      -0.013511       0.003286
      21.879999      -0.011732       0.003286
      21.900000      -0.018187       0.003286
      21.920000      -0.015045       0.003294
      21.939999      -0.010109       0.003303
      21.959999      -0.012045       0.003311
      21.980000      -0.014413       0.003315
      22.000000      -0.010527       0.003320
      22.020000      -0.012350       0.003317
      22.039999      -0.015048       0.003319
      22.059999      -0.014566       0.003322
      22.080000      -0.012321       0.003323
      22.100000      -0.015144       0.003324
      22.119999      -0.019419       0.003323
      22.139999      -0.019333       0.003325
      22.160000      -0.018102       0.003325
      22.180000      -0.017047       0.003325
      22.199999      -0.018378       0.003332
      22.219999      -0.015889       0.003337
      22.240000      -0.020150       0.003334
      22.260000      -0.026515       0.003335
      22.279999      -0.023198       0.003335
      22.299999      -0.022109       0.003336
      22.320000      -0.021080       0.003341
      22.340000      -0.021990       0.003342
      22.359999      -0.022747       0.003348
      22.379999      -0.021233       0.003354
      22.400000      -0.022558       0.003356
      22.420000      -0.026207       0.003354
      22.439999      -0.028794       0.003355
      22.459999      -0.027441       0.003358
      22.480000      -0.027121       0.003359
      22.500000      -0.028605       0.003362
      22.519999      -0.032375       0.003362
      22.539999      -0.032397       0.003361
      22.559999      -0.027930       0.003368
      22.580000      -0.023546       0.003372
      22.600000      -0.026814       0.003375
      22.619999      -0.029467       0.003375
      22.639999      -0.028067       0.003379
      22.660000      -0.028244       0.003379
      22.680000      -0.029241       0.003378
      22.699999      -0.035140       0.003378
      22.719999      -0.036387       0.003377
      22.740000      -0.028718       0.003387
      22.760000      -0.030689       0.003389
      22.779999      -0.035662       0.003383
      22.799999      -0.034050       0.003387
      22.820000      -0.032057       0.003386
      22.840000      -0.033124       0.003395
      22.859999      -0.033021       0.003398
      22.879999      -0.032207       0.003407
      22.900000      -0.032080       0.003407
      22.920000      -0.037854       0.003401
      22.939999      -0.036251       0.003401
      22.959999      -0.033052       0.003403
      22.980000      -0.033527       0.003406
      23.000000      -0.029095       0.003413
      23.019999      -0.028196       0.003424
      23.039999      -0.029489       0.003421
      23.059999      -0.030828       0.003424
      23.080000      -0.027313       0.003430
      23.100000      -0.030339       0.003434
      23.119999      -0.031383       0.003431
      23.139999      -0.033378       0.003432
      23.160000      -0.031700       0.003442
      23.180000      -0.031026       0.003441
      23.199999      -0.027627       0.003444
      23.219999      -0.028360       0.003446
      23.240000      -0.024134       0.003445
      23.260000      -0.031452       0.003444
      23.279999      -0.031392       0.003445
      23.299999      -0.025374       0.003454
      23.320000      -0.020850       0.003469
      23.340000      -0.021310       0.003469
      23.359999      -0.019373       0.003481
      23.379999      -0.018847       0.003486
      23.400000      -0.022428       0.003484
      23.420000      -0.018132       0.003489
      23.439999      -0.016434       0.003493
      23.459999      -0.016837       0.003487
      23.480000      -0.023580       0.003482
      23.500000      -0.021375       0.003488
      23.519999      -0.019179       0.003495
      23.539999      -0.016040       0.003497
      23.559999      -0.019116       0.003499
      23.580000      -0.020439       0.003507
      23.600000      -0.017440       0.003511
      23.619999      -0.013638       0.003517
      23.639999      -0.009335       0.003522
      23.660000      -0.007170       0.003527
      23.680000      -0.005673       0.003530
      23.699999      -0.008926       0.003531
      23.719999      -0.007775       0.003523
      23.740000      -0.003998       0.003528
      23.760000      -0.008619       0.003527
      23.779999      -0.004886       0.003538
      23.799999       0.000185       0.003546
      23.820000       0.006417       0.003558
      23.840000       0.005104       0.003567
      23.859999       0.002149       0.003564
      23.879999       0.002306       0.003563
      23.900000       0.005391       0.003567
      23.920000       0.008789       0.003573
      23.939999       0.019172       0.003590
      23.959999       0.018798       0.003590
      23.980000       0.012387       0.003593
      24.000000       0.012515       0.003590
      24.019999       0.015863       0.003595
      24.039999       0.015036       0.003593
      24.059999       0.017474       0.003599
      24.080000       0.017126       0.003602
      24.100000       0.025915       0.003619
      24.119999       0.018654       0.003617
      24.139999       0.021332       0.003616
      24.160000       0.024662       0.003616
      24.180000       0.023565       0.003618
      24.199999       0.024301       0.003622
      24.219999       0.029610       0.003635
      24.240000       0.028894       0.003639
      24.260000       0.030246       0.003652
      24.279999       0.029037       0.003644
      24.299999       0.027915       0.003646
      24.320000       0.028376       0.003643
      24.340000       0.027905       0.003638
      24.359999       0.028298       0.003641
      24.379999       0.029931       0.003657
      24.400000       0.035885       0.003664
      24.420000       0.040205       0.003676
      24.439999       0.036542       0.003678
      24.459999       0.031154       0.003675
      24.480000       0.036204       0.003675
      24.500000       0.030496       0.003674
      24.519999       0.035836       0.003682
      24.539999       0.034683       0.003683
      24.559999       0.037195       0.003691
      24.580000       0.031915       0.003690
      24.600000       0.037351       0.003695
      24.619999       0.035780       0.003694
      24.639999       0.032330       0.003683
      24.660000       0.026558       0.003685
      24.680000       0.031941       0.003696
      24.699999       0.028444       0.003696
      24.719999       0.029054       0.003697
      24.740000       0.035124       0.003714
      24.760000       0.038298       0.003725
      24.779999       0.033721       0.003726
      24.799999       0.033738       0.003728
      24.820000       0.029652       0.003723
      24.840000       0.026601       0.003722
      24.859999       0.027599       0.003728
      24.879999       0.024966       0.003727
      24.900000       0.028606       0.003724
      24.920000       0.027488       0.003719
      24.939999       0.025116       0.003715
      24.959999       0.027260       0.003732
      24.980000       0.024790       0.003732
      25.000000       0.024089       0.003737
      25.019999       0.013950       0.003736
      25.039999       0.019926       0.003739
      25.059999       0.019992       0.003733
      25.080000       0.017200       0.003730
      25.100000       0.019243       0.003724
      25.119999       0.011530       0.003728
      25.139999       0.005856       0.003726
      25.160000       0.007091       0.003735
      25.180000       0.006277       0.003735
      25.199999       0.007444       0.003738
      25.219999       0.003423       0.003742
      25.240000       0.010093       0.003754
      25.260000       0.010679       0.003755
      25.279999       0.004306       0.003751
      25.299999       0.010260       0.003748
      25.320000       0.000321       0.003748
      25.340000       0.006344       0.003762
      25.359999      -0.003515       0.003749
      25.379999      -0.001954       0.003758
      25.400000      -0.003969       0.003760
      25.420000      -0.008119       0.003756
      25.439999      -0.009159       0.003752
      25.459999      -0.007777       0.003753
      25.480000      -0.011795       0.003746
      25.500000      -0.006941       0.003749
      25.519999      -0.012301       0.003756
      25.539999      -0.010171       0.003766
      25.559999      -0.015901       0.003766
      25.580000      -0.016868       0.003764
      25.599998      -0.020657       0.003760
      25.619999      -0.014825       0.003767
      25.639999      -0.017539       0.003765
      25.660000      -0.017957       0.003770
      25.680000      -0.021858       0.003773
      25.699999      -0.016628       0.003783
      25.719999      -0.022748       0.003775
      25.740000      -0.020271       0.003776
      25.760000      -0.023006       0.003774
      25.779999      -0.020491       0.003780
      25.799999      -0.026850       0.003777
      25.820000      -0.024707       0.003787
      25.840000      -0.025563       0.003790
      25.859999      -0.025282       0.003796
      25.879999      -0.031664       0.003790
      25.900000      -0.030813       0.003799
      25.920000      -0.028769       0.003799
      25.939999      -0.028701       0.003798
      25.959999      -0.027787       0.003802
      25.980000      -0.030821       0.003805
      26.000000      -0.033878       0.003801
      26.019999      -0.031204       0.003806
      26.039999      -0.028597       0.003813
      26.059999      -0.029182       0.003820
      26.080000      -0.027057       0.003825
      26.099998      -0.025206       0.003826
      26.119999      -0.032795       0.003819
      26.139999      -0.033992       0.003817
      26.160000      -0.027776       0.003824
      26.180000      -0.031117       0.003825
      26.199999      -0.032324       0.003831
      26.219999      -0.030799       0.003835
      26.240000      -0.029856       0.003835
      26.260000      -0.028067       0.003837
      26.279999      -0.031960       0.003834
      26.299999      -0.030707       0.003835
      26.320000      -0.032840       0.003839
      26.340000      -0.033002       0.003853
      26.359999      -0.032052       0.003859
      26.379999      -0.032163       0.003865
      26.400000      -0.029443       0.003868
      26.420000      -0.027989       0.003867
      26.439999      -0.027892       0.003874
      26.459999      -0.024229       0.003879
      26.480000      -0.028941       0.003880
      26.500000      -0.026709       0.003883
      26.519999      -0.022442       0.003891
      26.539999      -0.027162       0.003880
      26.559999      -0.028950       0.003873
      26.580000      -0.030532       0.003873
      26.599998      -0.033713       0.003873
      26.619999      -0.029372       0.003892
      26.639999      -0.020183       0.003909
      26.660000      -0.020350       0.003916
      26.680000      -0.016102       0.003910
      26.699999      -0.021747       0.003915
      26.719999      -0.022888       0.003911
      26.740000      -0.027160       0.003906
      26.760000      -0.023378       0.003912
      26.779999      -0.026066       0.003920
      26.799999      -0.019275       0.003931
      26.820000      -0.018492       0.003928
      26.840000      -0.017518       0.003930
      26.859999      -0.014058       0.003937
      26.879999      -0.018693       0.003931
      26.900000      -0.019901       0.003942
      26.920000      -0.012675       0.003950
      26.939999      -0.019005       0.003949
      26.959999      -0.024195       0.003951
      26.980000      -0.012077       0.003957
      27.000000      -0.015061       0.003955
      27.019999      -0.014061       0.003961
      27.039999      -0.007518       0.003965
      27.059999      -0.004963       0.003974
      27.080000      -0.011419       0.003970
      27.099998      -0.010912       0.003973
      27.119999      -0.015552       0.003971
      27.139999      -0.005149       0.003984
      27.160000      -0.009723       0.003990
      27.180000      -0.008889       0.004004
      27.199999      -0.006140       0.004008
      27.219999      -0.005868       0.004010
      27.240000      -0.003727       0.004011
      27.260000      -0.004326       0.004003
      27.279999      -0.008293       0.004004
      27.299999      -0.010378       0.004001
      27.320000      -0.003861       0.004007
      27.340000      -0.003319       0.004016
      27.359999      -0.000263       0.004019
      27.379999      -0.002563       0.004028
      27.400000       0.000443       0.004028
      27.420000      -0.000119       0.004035
      27.439999      -0.003115       0.004032
      27.459999      -0.004876       0.004031
      27.480000       0.000475       0.004040
      27.500000       0.000744       0.004049
      27.519999       0.002073       0.004050
      27.539999      -0.000165       0.004049
      27.559999      -0.000354       0.004058
      27.580000       0.001930       0.004071
      27.599998       0.006779       0.004073
      27.619999       0.005544       0.004074
      27.639999       0.000328       0.004074
      27.660000       0.000708       0.004076
      27.680000       0.002873       0.004081
      27.699999      -0.000148       0.004074
      27.719999       0.004968       0.004079
      27.740000       0.003107       0.004072
      27.760000       0.000836       0.004073
      27.779999       0.003064       0.004081
      27.799999       0.002558       0.004085
      27.820000       0.007964       0.004097
      27.840000       0.006785       0.004109
      27.859999       0.002875       0.004107
      27.879999       0.009442       0.004110
      27.900000       0.010494       0.004114
      27.920000       0.004644       0.004118
      27.939999       0.001313       0.004112
      27.959999       0.007825       0.004120
      27.980000       0.006340       0.004119
      28.000000       0.005485       0.004115
      28.019999       0.004841       0.004112
      28.039999       0.007394       0.004124
      28.059999       0.005666       0.004128
      28.080000       0.008219       0.004143
      28.099998       0.011386       0.004150
      28.119999       0.002628       0.004143
      28.139999       0.010534       0.004149
      28.160000       0.006002       0.004150
      28.180000       0.009456       0.004156
      28.199999       0.009843       0.004155
      28.219999       0.004368       0.004155
      28.240000       0.005503       0.004158
      28.260000       0.008291       0.004162
      28.279999       0.008339       0.004151
      28.299999       0.005939       0.004151
      28.320000       0.003558       0.004152
      28.340000       0.002315       0.004162
      28.359999       0.013184       0.004183
      28.379999       0.013731       0.004190
      28.400000       0.014462       0.004198
      28.420000       0.014748       0.004204
      28.439999       0.010406       0.004197
      28.459999       0.013355       0.004202
      28.480000       0.013098       0.004203
      28.500000       0.014004       0.004206
      28.519999       0.013303       0.004207
      28.539999       0.011872       0.004210
      28.559999       0.008993       0.004210
      28.580000       0.005279       0.004208
      28.599998       0.009986       0.004214
      28.619999       0.009545       0.004218
      28.639999       0.009554       0.004225
      28.660000       0.007982       0.004228
      28.680000       0.012890       0.004241
      28.699999       0.020107       0.004249
      28.719999       0.013467       0.004245
      28.740000       0.011541       0.004253
      28.760000       0.017097       0.004258
      28.779999       0.015515       0.004258
      28.799999       0.018834       0.004267
      28.820000       0.020994       0.004261
      28.840000       0.015376       0.004256
      28.859999       0.011421       0.004251
      28.879999       0.015988       0.004263
      28.900000       0.019297       0.004276
      28.920000       0.017012       0.004284
      28.939999       0.017779       0.004289
      28.959999       0.024063       0.004295
      28.980000       0.021223       0.004293
      29.000000       0.017805       0.004288
      29.019999       0.015945       0.004290
      29.039999       0.008092       0.004284
      29.059999       0.014329       0.004292
      29.080000       0.008275       0.004280
      29.099998       0.005334       0.004275
      29.119999       0.005370       0.004278
      29.139999       0.008118       0.004291
      29.160000       0.004178       0.004286
      29.179998       0.005548       0.004286
      29.199999       0.006037       0.004296
      29.219999       0.011510       0.004303
      29.240000       0.008696       0.004306
      29.260000       0.010243       0.004310
      29.279999       0.005670       0.004311
      29.299999       0.010116       0.004322
      29.320000       0.004249       0.004320
      29.340000       0.006124       0.004323
      29.359999       0.004691       0.004322
      29.379999       0.001556       0.004319
      29.400000      -0.007173       0.004309
      29.420000      -0.007123       0.004311
      29.439999      -0.001338       0.004311
      29.459999       0.002710       0.004324
      29.480000      -0.000982       0.004335
      29.500000      -0.000022       0.004347
      29.519999       0.005423       0.004357
      29.539999      -0.000607       0.004357
      29.559999      -0.000600       0.004359
      29.580000      -0.002490       0.004355
      29.599998      -0.000458       0.004357
      29.619999      -0.004786       0.004344
      29.639999      -0.005369       0.004347
      29.660000      -0.006392       0.004351
      29.679998      -0.011676       0.004347
      29.699999      -0.004548       0.004351
      29.719999      -0.004665       0.004354
      29.740000      -0.011279       0.004360
      29.760000      -0.015872       0.004358
      29.779999      -0.014992       0.004354
      29.799999      -0.012852       0.004363
      29.820000      -0.013618       0.004363
      29.840000      -0.016328       0.004370
      29.859999      -0.012361       0.004379
      29.879999      -0.012436       0.004379
      29.900000      -0.014674       0.004393
      29.920000      -0.010571       0.004399
      29.939999      -0.017890       0.004383
      29.959999      -0.022074       0.004371
      29.980000      -0.025854       0.004371
      30.000000      -0.021371       0.004380
      30.019999      -0.015499       0.004392
      30.039999      -0.016411       0.004392
      30.059999      -0.019717       0.004394
      30.080000      -0.023243       0.004390
      30.099998      -0.021522       0.004385
      30.119999      -0.027941       0.004381
      30.139999      -0.022642       0.004390
      30.160000      -0.022766       0.004405
      30.179998      -0.017610       0.004416
      30.199999      -0.024352       0.004422
      30.219999      -0.011972       0.004425
      30.240000      -0.017440       0.004425
      30.260000      -0.026360       0.004413
      30.279999      -0.027859       0.004412
      30.299999      -0.030282       0.004402
      30.320000      -0.027828       0.004413
      30.340000      -0.031819       0.004425
      30.359999      -0.025227       0.004440
      30.379999      -0.022727       0.004435
      30.400000      -0.030462       0.004436
      30.420000      -0.025588       0.004441
      30.439999      -0.021657       0.004451
      30.459999      -0.024511       0.004447
      30.480000      -0.024733       0.004461
      30.500000      -0.025464       0.004461
      30.519999      -0.031188       0.004445
      30.539999      -0.026053       0.004445
      30.559999      -0.031843       0.004441
      30.580000      -0.030325       0.004447
      30.599998      -0.026715       0.004451
      30.619999      -0.028592       0.004463
      30.639999      -0.025914       0.004469
      30.660000      -0.021394       0.004483
      30.679998      -0.026753       0.004490
      30.699999      -0.021021       0.004500
      30.719999      -0.021897       0.004501
      30.740000      -0.019320       0.004508
      30.760000      -0.025710       0.004508
      30.779999      -0.018665       0.004509
      30.799999      -0.014351       0.004512
      30.820000      -0.018062       0.004509
      30.840000      -0.020946       0.004507
      30.859999      -0.024241       0.004509
      30.879999      -0.018957       0.004510
      30.900000      -0.017530       0.004515
      30.920000      -0.009436       0.004536
      30.939999      -0.015838       0.004538
      30.959999      -0.016440       0.004541
      30.980000      -0.005037       0.004550
      31.000000      -0.011451       0.004545
      31.019999      -0.018082       0.004541
      31.039999      -0.012308       0.004551
      31.059999      -0.009256       0.004554
      31.080000      -0.012307       0.004547
      31.099998      -0.018328       0.004557
      31.119999      -0.012087       0.004566
      31.139999      -0.016093       0.004554
      31.160000      -0.013315       0.004559
      31.179998      -0.013048       0.004566
      31.199999      -0.008877       0.004576
      31.219999      -0.004924       0.004583
      31.240000      -0.001239       0.004595
      31.260000      -0.005169       0.004604
      31.279999      -0.000641       0.004611
      31.299999      -0.006012       0.004606
      31.320000      -0.001263       0.004614
      31.340000       0.000710       0.004610
      31.359999      -0.002083       0.004616
      31.379999      -0.007711       0.004610
      31.400000       0.002757       0.004633
